2 0.06015625 0.640625 0.07890625 0.1109375
0 0.86484375 0.678125 0.1375 0.21484375
0 0.72265625 0.6890625 0.09609375 0.16328125
0 0.37109375 0.46328125 0.09140625 0.140625
0 0.575 0.54453125 0.09140625 0.15546875
0 0.47890625 0.4890625 0.1 0.1484375
2 0.03359375 0.8703125 0.06640625 0.24453125
2 0.65390625 0.44453125 0.69140625 0.87421875
2 0.36875 0.81484375 0.10390625 0.19296875
2 0.26484375 0.2296875 0.1375 0.20703125
2 0.07734375 0.23671875 0.15390625 0.41484375
2 0.89765625 0.1 0.20390625 0.2
2 0.13984375 0.79296875 0.14609375 0.2515625
2 0.63359375 0.74453125 0.16640625 0.27421875