2 0.73671875 0.15625 0.08125 0.053125
2 0.41484375 0.78515625 0.221875 0.221875
2 0.84453125 0.50859375 0.134375 0.075
2 0.89296875 0.7375 0.15625 0.1171875
2 0.76640625 0.68515625 0.2 0.1125
2 0.7 0.7875 0.1703125 0.1171875
2 0.340625 0.01484375 0.1484375 0.028125
2 0.48125 0.56640625 0.1625 0.084375
2 0.69609375 0.37890625 0.1484375 0.115625
2 0.8515625 0.275 0.1625 0.109375
2 0.73671875 0.03984375 0.15625 0.078125
2 0.5484375 0.125 0.3109375 0.25
2 0.20390625 0.21015625 0.40625 0.3625
2 0.978125 0.834375 0.04375 0.2375
2 0.9515625 0.4625 0.096875 0.209375