2 0.96015625 0.49609375 0.07890625 0.178125
0 0.00859375 0.4109375 0.01640625 0.15546875
0 0.45625 0.60390625 0.1375 0.18515625
0 0.17109375 0.478125 0.1 0.15546875
0 0.31640625 0.60703125 0.10859375 0.221875
0 0.07265625 0.421875 0.09609375 0.1484375
2 0.86875 0.67421875 0.2625 0.26640625
2 0.42890625 0.43671875 0.8578125 0.8734375
2 0.0125 0.7484375 0.025 0.20703125
2 0.83046875 0.121875 0.2796875 0.24375
2 0.5765625 0.09609375 0.346875 0.1921875
2 0.775 0.878125 0.45 0.2296875
2 0.23515625 0.678125 0.17890625 0.2890625