2 0.50390625 0.65 0.0890625 0.059375
2 0.7484375 0.5 0.0890625 0.05
2 0.71171875 0.0296875 0.1484375 0.059375
2 0.70390625 0.25234375 0.1484375 0.1125
2 0.740625 0.87890625 0.0890625 0.059375
2 0.4296875 0.04609375 0.1625 0.090625
2 0.69609375 0.60625 0.11875 0.053125
2 0.90390625 0.30390625 0.1625 0.109375
2 0.85546875 0.52734375 0.1109375 0.071875
2 0.7453125 0.97734375 0.15625 0.0453125
2 0.7703125 0.35390625 0.19375 0.109375
2 0.48125 0.47265625 0.134375 0.078125
2 0.859375 0.75859375 0.1625 0.109375
2 0.69296875 0.67265625 0.140625 0.078125
2 0.421875 0.26015625 0.221875 0.246875
2 0.5078125 0.89609375 0.40625 0.2078125
2 0.97421875 0.20390625 0.0515625 0.234375
2 0.21484375 0.82734375 0.4296875 0.3453125
2 0.9515625 0.57109375 0.096875 0.209375