0 0.978125 0.365625 0.04375 0.0625
0 0.3703125 0.86875 0.1625 0.071875
2 0.2 0.20390625 0.3109375 0.190625
2 0.37421875 0.7875 0.125 0.084375
2 0.42578125 0.6625 0.1109375 0.075
0 0.62578125 0.35 0.15625 0.090625
0 0.43359375 0.03125 0.2 0.0625
2 0.9296875 0.57109375 0.140625 0.134375
0 0.61484375 0.24609375 0.134375 0.090625
0 0.56640625 0.15390625 0.15625 0.090625
2 0.16328125 0.81640625 0.325 0.3671875
2 0.27421875 0.34765625 0.1625 0.096875
2 0.58203125 0.2046875 0.8359375 0.409375
2 0.740625 0.93359375 0.51875 0.1328125
2 0.8515625 0.46484375 0.20625 0.1375
2 0.278125 0.57734375 0.24375 0.1375
2 0.36328125 0.0875 0.296875 0.175
2 0.78515625 0.675 0.4296875 0.209375