2 0.42578125 0.36640625 0.140625 0.184375
2 0.9109375 0.17890625 0.178125 0.334375
2 0.41484375 0.77265625 0.1484375 0.096875
2 0.91875 0.4 0.1625 0.1
2 0.87421875 0.6125 0.11875 0.0671875
2 0.740625 0.11640625 0.178125 0.134375
2 0.77421875 0.5875 0.08125 0.05
2 0.73671875 0.34375 0.15625 0.1125
2 0.45546875 0.32109375 0.215625 0.165625
2 0.72578125 0.69140625 0.075 0.059375
2 0.878125 0.84375 0.15625 0.1125
2 0.5109375 0.56015625 0.1484375 0.0875
2 0.71875 0.76015625 0.134375 0.0875
2 0.79296875 0.44375 0.19375 0.1125
2 0.521875 0.9375 0.39375 0.125
2 0.959375 0.66015625 0.08125 0.2046875
2 0.98515625 0.3 0.0296875 0.225
2 0.2296875 0.87109375 0.459375 0.2578125