2 0.36328125 0.23359375 0.1484375 0.065625
2 0.17890625 0.9015625 0.3109375 0.196875
2 0.1515625 0.03984375 0.184375 0.078125
2 0.3703125 0.31484375 0.134375 0.078125
2 0.92578125 0.5375 0.1484375 0.134375
2 0.42578125 0.44375 0.1109375 0.078125
0 0.621875 0.75 0.1625 0.1
2 0.540625 0.04375 0.59375 0.0875
0 0.55546875 0.95390625 0.1625 0.0921875
0 0.60703125 0.85859375 0.1484375 0.1
2 0.26328125 0.76015625 0.184375 0.103125
2 0.58125 0.84140625 0.8375 0.3171875
2 0.159375 0.25 0.31875 0.484375
2 0.840625 0.64375 0.2 0.1296875
2 0.27421875 0.52734375 0.2515625 0.1375
2 0.35234375 0.9640625 0.2890625 0.071875
2 0.76640625 0.15859375 0.465625 0.15
2 0.78515625 0.43125 0.4296875 0.2125