2 0.25859375 0.4703125 0.05859375 0.09609375
2 0.87890625 0.25546875 0.13359375 0.1703125
2 0.81640625 0.078125 0.35 0.15546875
2 0.64765625 0.240625 0.10390625 0.1703125
2 0.58984375 0.078125 0.09609375 0.15546875
2 0.55390625 0.19296875 0.13359375 0.221875
2 0.375 0.121875 0.06640625 0.12578125
2 0.05625 0.478125 0.1125 0.421875
2 0.64375 0.5484375 0.22109375 0.221875
2 0.42734375 0.48515625 0.07890625 0.140625
2 0.23515625 0.27421875 0.0875 0.1484375
2 0.14609375 0.121875 0.10859375 0.15546875
2 0.32890625 0.040625 0.2 0.08125
2 0.6890625 0.00703125 0.221875 0.0140625
2 0.125 0.77421875 0.25 0.4515625