0 0.40390625 0.43984375 0.125 0.0625
2 0.5296875 0.53125 0.184375 0.1125
2 0.1484375 0.35625 0.0890625 0.078125
2 0.81875 0.80859375 0.065625 0.05
2 0.3109375 0.24765625 0.103125 0.078125
2 0.50390625 0.58515625 0.1484375 0.196875
2 0.56328125 0.95 0.103125 0.059375
2 0.7890625 0.57734375 0.15625 0.1046875
2 0.90703125 0.83125 0.1109375 0.071875
2 0.9484375 0.621875 0.103125 0.1
2 0.75546875 0.90859375 0.0890625 0.05
2 0.83671875 0.67265625 0.178125 0.1125
2 0.93671875 0.29140625 0.125 0.565625
2 0.56640625 0.78359375 0.125 0.075
2 0.7484375 0.96875 0.1484375 0.0625
2 0.2375 0.98125 0.475 0.0375
2 0.396875 0.0796875 0.525 0.159375
2 0.98125 0.87890625 0.0375 0.2