2 0.84453125 0.475 0.11875 0.065625
2 0.69609375 0.2 0.1625 0.115625
2 0.478125 0.42265625 0.125 0.078125
2 0.9 0.24765625 0.15625 0.103125
2 0.7484375 0.29609375 0.20625 0.125
2 0.34453125 0.97890625 0.15625 0.0421875
2 0.69296875 0.55234375 0.1109375 0.053125
2 0.68515625 0.61640625 0.140625 0.084375
2 0.39609375 0.19765625 0.2296875 0.246875
2 0.73671875 0.95 0.1703125 0.1
2 0.85546875 0.7125 0.15625 0.109375
2 0.8515625 0.99375 0.296875 0.0125
2 0.540625 0.86875 0.3109375 0.2625
2 0.20390625 0.775 0.40625 0.359375
2 0.98515625 0.14765625 0.0296875 0.2375
2 0.9484375 0.521875 0.103125 0.209375