2 0.06015625 0.63671875 0.07890625 0.11875
0 0.37109375 0.47421875 0.09140625 0.1484375
0 0.86484375 0.66328125 0.14609375 0.24453125
0 0.72109375 0.68515625 0.1 0.18515625
0 0.47734375 0.48515625 0.10390625 0.15546875
0 0.575 0.54453125 0.09140625 0.15546875
2 0.03359375 0.87421875 0.06640625 0.2515625
2 0.65390625 0.440625 0.69140625 0.88125
2 0.89765625 0.10390625 0.20390625 0.20703125
2 0.07890625 0.2359375 0.1578125 0.415625
2 0.37109375 0.8109375 0.10859375 0.18515625
2 0.26484375 0.22578125 0.1375 0.21484375
2 0.63359375 0.740625 0.16640625 0.28125
2 0.13515625 0.79296875 0.14609375 0.2515625