2 0.93984375 0.63671875 0.078125 0.11875
0 0.62890625 0.46640625 0.090625 0.1484375
0 0.13359375 0.66328125 0.140625 0.259375
0 0.27890625 0.69296875 0.1 0.1703125
0 0.42109375 0.54453125 0.1 0.15625
0 0.52109375 0.4890625 0.1 0.1484375
2 0.34609375 0.44453125 0.690625 0.875
2 0.96484375 0.8703125 0.0703125 0.259375
2 0.92109375 0.2359375 0.1578125 0.415625
2 0.62890625 0.8109375 0.109375 0.184375
2 0.73515625 0.2296875 0.1375 0.20625
2 0.10234375 0.10390625 0.203125 0.20625
2 0.36640625 0.740625 0.165625 0.265625
2 0.8625 0.79296875 0.140625 0.2515625