2 0.36640625 0.54375 0.2 0.103125
2 0.6515625 0.08359375 0.1625 0.125
2 0.66640625 0.45234375 0.0890625 0.053125
2 0.81875 0.37265625 0.125 0.071875
2 0.7109375 0.34375 0.0890625 0.0625
2 0.86640625 0.14140625 0.1625 0.115625
2 0.721875 0.85390625 0.1703125 0.109375
2 0.50390625 0.80390625 0.384375 0.334375
2 0.44453125 0.31640625 0.134375 0.084375
2 0.32578125 0.1125 0.1484375 0.2
2 0.340625 0.90234375 0.1625 0.0796875
2 0.721875 0.19609375 0.2 0.125
2 0.83671875 0.6125 0.1625 0.109375
2 0.66640625 0.52265625 0.1484375 0.0875
2 0.821875 0.94765625 0.35625 0.1046875
2 0.9484375 0.0734375 0.103125 0.146875
2 0.93671875 0.42109375 0.125 0.209375
2 0.20390625 0.67890625 0.40625 0.35