2 0.51484375 0.46328125 0.053125 0.065625
2 0.2 0.00390625 0.059375 0.00625
2 0.45625 0.33671875 0.2125 0.2296875
2 0.58515625 0.06328125 0.078125 0.125
2 0.55234375 0.22578125 0.096875 0.1703125
2 0.40234375 0.5703125 0.046875 0.075
2 0.45 0.00703125 0.075 0.0140625
2 0.39765625 0.1890625 0.0625 0.125
2 0.1875 0.0109375 0.040625 0.021875
2 0.12265625 0.040625 0.053125 0.08125
2 0.70625 0.440625 0.221875 0.3484375
2 0.9625 0.3484375 0.075 0.340625
2 0.92265625 0.078125 0.053125 0.1109375
2 0.20625 0.1515625 0.1125 0.184375
2 0.05234375 0.16640625 0.103125 0.275
2 0.01015625 0.021875 0.0203125 0.04375
1 0.5 0.64765625 1 0.7046875