2 0.228125 0.15625 0.26875 0.2875
2 0.925 0.14140625 0.15 0.115625
2 0.746875 0.9125 0.09375 0.090625
2 0.271875 0.6875 0.23125 0.109375
2 0.271875 0.78125 0.25625 0.121875
2 0.684375 0.07109375 0.24375 0.134375
2 0.69375 0.47265625 0.1 0.078125
2 0.6375 0.52734375 0.1375 0.078125
2 0.065625 0.9625 0.11875 0.075
2 0.2125 0.92265625 0.125 0.096875
2 0.528125 0.67734375 0.15625 0.0875
2 0.1875 0.43515625 0.1125 0.0625
2 0.071875 0.75 0.13125 0.35
2 0.503125 0.14140625 0.25625 0.265625
2 0.525 0.44375 0.2375 0.4125
2 0.996875 0.5125 0.00625 0.975
2 0.384375 0.9203125 0.61875 0.159375