2 0.0484375 0.49140625 0.096875 0.109375
2 0.6296875 0.97890625 0.11875 0.0421875
0 0.4484375 0.6875 0.1703125 0.090625
0 0.66640625 0.19609375 0.19375 0.140625
0 0.5296875 0.48984375 0.140625 0.0875
0 0.6703125 0.33984375 0.1703125 0.103125
0 0.47421875 0.57890625 0.134375 0.109375
2 0.80390625 0.69375 0.184375 0.1046875
2 0.8703125 0.99765625 0.259375 0.0046875
2 0.44453125 0.37890625 0.8890625 0.75
2 0.12578125 0.125 0.2515625 0.25
2 0.225 0.95234375 0.40625 0.0953125
2 0.21875 0.79609375 0.215625 0.134375
2 0.78125 0.92109375 0.24375 0.1421875
2 0.73359375 0.425 0.28125 0.175