2 0.93984375 0.640625 0.078125 0.1109375
0 0.27890625 0.69296875 0.075 0.140625
0 0.51875 0.48515625 0.096875 0.140625
0 0.13515625 0.68125 0.1375 0.20625
0 0.42734375 0.54453125 0.096875 0.15625
0 0.62265625 0.478125 0.096875 0.15625
2 0.96875 0.87421875 0.0625 0.2375
2 0.34609375 0.4484375 0.690625 0.88125
2 0.63125 0.81484375 0.103125 0.19375
2 0.92109375 0.240625 0.1578125 0.421875
2 0.1 0.1109375 0.2 0.221875
2 0.73359375 0.2296875 0.134375 0.20625
2 0.86484375 0.8 0.146875 0.2515625
2 0.36484375 0.7484375 0.171875 0.28125