2 0.95625 0.2109375 0.071875 0.140625
2 0.24296875 0.03671875 0.0546875 0.0734375
2 0.56484375 0.37421875 0.1125 0.2
2 0.41015625 0.06328125 0.0875 0.125
2 0.7578125 0.03671875 0.475 0.0734375
2 0.05859375 0.30703125 0.115625 0.259375
2 0.05390625 0.3890625 0.040625 0.08125
2 0.41640625 0.31484375 0.065625 0.1109375
2 0.4703125 0.06640625 0.075 0.1328125
2 0.00859375 0.0296875 0.015625 0.059375
2 0.1375 0.1 0.065625 0.2
2 0.20234375 0.08125 0.053125 0.11875
2 0.01875 0.10390625 0.0375 0.11875
2 0.22109375 0.278125 0.109375 0.184375
1 0.5 0.65546875 1 0.6890625