2 0.36640625 0.06015625 0.1109375 0.078125
0 0.5484375 0.375 0.1625 0.090625
0 0.33671875 0.8625 0.215625 0.140625
0 0.321875 0.71875 0.184375 0.103125
0 0.459375 0.57734375 0.1484375 0.0875
0 0.51875 0.47734375 0.1484375 0.103125
2 0.1296875 0.03359375 0.24375 0.065625
2 0.559375 0.65390625 0.88125 0.690625
2 0.19296875 0.37109375 0.20625 0.109375
2 0.7671875 0.07890625 0.40625 0.1578125
2 0.77421875 0.26640625 0.215625 0.134375
2 0.90390625 0.9015625 0.1921875 0.196875
2 0.26640625 0.63125 0.28125 0.171875
2 0.2109375 0.13984375 0.259375 0.1375