2 0.640625 0.93984375 0.1109375 0.078125
0 0.4703125 0.62890625 0.15625 0.090625
0 0.678125 0.13515625 0.215625 0.1375
0 0.6890625 0.27890625 0.178125 0.1
0 0.48515625 0.52265625 0.15625 0.103125
0 0.54453125 0.425 0.15625 0.090625
2 0.8703125 0.96640625 0.259375 0.0671875
2 0.44453125 0.3484375 0.8890625 0.696875
2 0.11484375 0.10234375 0.2296875 0.203125
2 0.81484375 0.63125 0.19375 0.1125
2 0.2359375 0.92109375 0.415625 0.1578125
2 0.221875 0.73515625 0.20625 0.1375
2 0.74453125 0.36484375 0.275 0.171875
2 0.79296875 0.86015625 0.2515625 0.146875