2 0.63671875 0.93984375 0.11875 0.078125
0 0.459375 0.62890625 0.1484375 0.090625
0 0.66640625 0.1375 0.2375 0.140625
0 0.68125 0.27890625 0.178125 0.1
0 0.48515625 0.525 0.15625 0.109375
0 0.54453125 0.42109375 0.15625 0.1
2 0.8703125 0.96484375 0.259375 0.0703125
2 0.440625 0.34609375 0.88125 0.690625
2 0.2359375 0.92109375 0.415625 0.1578125
2 0.8109375 0.62890625 0.2 0.109375
2 0.1 0.10234375 0.2 0.203125
2 0.22578125 0.73515625 0.215625 0.1375
2 0.740625 0.36875 0.28125 0.171875
2 0.79296875 0.86015625 0.2515625 0.146875