2 0.47734375 0.6515625 0.096875 0.134375
2 0.54765625 0.3484375 0.203125 0.221875
2 0.79765625 0.00390625 0.0625 0.00625
2 0.45234375 0.24453125 0.096875 0.178125
2 0.415625 0.06640625 0.078125 0.1328125
2 0.60234375 0.58515625 0.053125 0.075
2 0.61640625 0.00390625 0.075 0.00625
2 0.4875 0.48125 0.059375 0.059375
2 0.60625 0.19609375 0.0625 0.1109375
2 0.07734375 0.09609375 0.053125 0.11875
2 0.54765625 0.01875 0.078125 0.0375
2 0.88125 0.04453125 0.053125 0.0890625
2 0.81640625 0.01875 0.040625 0.0375
2 0.0359375 0.3734375 0.071875 0.3625
2 0.29140625 0.4515625 0.215625 0.340625
2 0.99140625 0.02578125 0.015625 0.0515625
2 0.79609375 0.16328125 0.115625 0.178125
2 0.94765625 0.19296875 0.103125 0.28125
1 0.5 0.64765625 1 0.7046875