2 0.9484375 0.7859375 0.103125 0.0625
2 0.721875 0.58515625 0.15625 0.071875
2 0.8484375 0.39609375 0.140625 0.084375
2 0.51875 0.02734375 0.19375 0.053125
2 0.97421875 0.24140625 0.0515625 0.475
2 0.96328125 0.765625 0.0734375 0.053125
2 0.9484375 0.5921875 0.103125 0.084375
2 0.73359375 0.94140625 0.2515625 0.1171875
2 0.66640625 0.43984375 0.20625 0.1125
2 0.91484375 0.8625 0.1703125 0.065625
2 0.93671875 0.52890625 0.125 0.084375
2 0.80703125 0.04609375 0.134375 0.065625
2 0.940625 0.80390625 0.11875 0.05
2 0.99296875 0.99375 0.0140625 0.0125
2 0.9265625 0.98359375 0.11875 0.0328125
2 0.75546875 0.78359375 0.178125 0.109375
1 0.3484375 0.5 0.696875 1