0 0.36640625 0.77890625 0.1703125 0.075
2 0.940625 0.475 0.11875 0.134375
2 0.378125 0.69609375 0.134375 0.084375
2 0.42578125 0.57109375 0.1109375 0.075
0 0.63359375 0.2625 0.140625 0.090625
2 0.5515625 0.9625 0.584375 0.075
0 0.6109375 0.15625 0.140625 0.096875
0 0.55546875 0.05859375 0.1625 0.090625
2 0.19609375 0.11015625 0.303125 0.1875
2 0.2703125 0.25859375 0.1703125 0.1
2 0.578125 0.1671875 0.84375 0.334375
2 0.83671875 0.36875 0.20625 0.1375
2 0.76328125 0.8546875 0.4734375 0.15
2 0.27421875 0.4875 0.2515625 0.140625
2 0.78515625 0.57890625 0.4296875 0.209375
2 0.35234375 0.0421875 0.2890625 0.084375
2 0.16328125 0.76015625 0.325 0.4625