2 0.540625 0.84765625 0.0890625 0.053125
2 0.26640625 0.13125 0.11875 0.096875
2 0.89296875 0.72734375 0.1109375 0.071875
2 0.74453125 0.80390625 0.096875 0.059375
2 0.7703125 0.47265625 0.1484375 0.103125
2 0.83359375 0.5625 0.2 0.125
2 0.93671875 0.5125 0.125 0.1
2 0.54453125 0.67890625 0.125 0.075
2 0.78515625 0.22890625 0.1484375 0.090625
2 0.50390625 0.45390625 0.221875 0.184375
2 0.9296875 0.2421875 0.140625 0.484375
2 0.74453125 0.86875 0.140625 0.0796875
2 0.89296875 0.95390625 0.15625 0.0921875
2 0.57109375 0.99609375 0.3265625 0.0078125
2 0.234375 0.92734375 0.465625 0.1453125
2 0.96640625 0.77734375 0.065625 0.1875