2 0.5109375 0.9875 0.178125 0.025
2 0.17421875 0.84140625 0.065625 0.040625
2 0.16953125 0.0234375 0.1484375 0.046875
2 0.18125 0.3875 0.140625 0.109375
2 0.48125 0.86484375 0.11875 0.071875
2 0.67421875 0.27890625 0.103125 0.065625
2 0.33671875 0.77734375 0.334375 0.253125
2 0.08515625 0.8625 0.125 0.065625
2 0.2 0.60859375 0.1484375 0.1
2 0.4328125 0.97734375 0.096875 0.0453125
2 0.0515625 0.6546875 0.103125 0.109375
2 0.421875 0.8125 0.11875 0.065625
2 0.240625 0.93984375 0.08125 0.053125
2 0.84453125 0.39140625 0.0890625 0.075
2 0.1515625 0.70390625 0.1703125 0.109375
2 0.49296875 0.61484375 0.125 0.203125
2 0.059375 0.31484375 0.11875 0.596875
2 0.2484375 0.98515625 0.140625 0.0296875
2 0.584375 0.0984375 0.51875 0.196875
2 0.759375 0.99609375 0.48125 0.0078125
2 0.01484375 0.90625 0.0296875 0.1875