2 0.83671875 0.96640625 0.1625 0.059375
2 0.6890625 0.39609375 0.0890625 0.065625
2 0.98515625 0.36640625 0.0296875 0.1
2 0.78515625 0.76484375 0.134375 0.0796875
2 0.2484375 0.96640625 0.096875 0.0671875
2 0.70390625 0.27265625 0.1484375 0.096875
2 0.6296875 0.67890625 0.103125 0.059375
2 0.678125 0.06484375 0.1703125 0.103125
2 0.39296875 0.81875 0.134375 0.078125
2 0.6296875 0.60859375 0.1484375 0.084375
2 0.81484375 0.11640625 0.3703125 0.2328125
2 0.67421875 0.94375 0.221875 0.1046875
2 0.80703125 0.51640625 0.1625 0.115625
2 0.178125 0.45234375 0.35625 0.3625
2 0.46640625 0.31640625 0.384375 0.340625
2 0.9296875 0.71484375 0.140625 0.2125