2 0.36328125 0.06015625 0.11875 0.078125
0 0.53359375 0.37109375 0.1484375 0.090625
0 0.33671875 0.86640625 0.259375 0.140625
0 0.30703125 0.72109375 0.1703125 0.1
0 0.45546875 0.57890625 0.15625 0.1
0 0.5109375 0.47890625 0.1484375 0.1
2 0.55546875 0.65390625 0.875 0.690625
2 0.1296875 0.03515625 0.259375 0.0703125
2 0.7640625 0.07890625 0.415625 0.1578125
2 0.1890625 0.37109375 0.184375 0.109375
2 0.7703125 0.26484375 0.20625 0.1375
2 0.89609375 0.89765625 0.20625 0.2046875
2 0.259375 0.63359375 0.265625 0.165625
2 0.20703125 0.1375 0.2515625 0.140625