0 0.46640625 0.63125 0.1484375 0.096875
2 0.63359375 0.94140625 0.125 0.075
0 0.6703125 0.28359375 0.2 0.1
0 0.67421875 0.1375 0.221875 0.140625
0 0.48125 0.52734375 0.1625 0.1125
0 0.540625 0.42265625 0.1625 0.096875
2 0.87421875 0.96640625 0.2515625 0.0671875
2 0.440625 0.35 0.88125 0.7
2 0.8109375 0.62734375 0.184375 0.103125
2 0.221875 0.73515625 0.20625 0.1296875
2 0.23671875 0.92265625 0.415625 0.1546875
2 0.10390625 0.1 0.20625 0.2
2 0.740625 0.36875 0.28125 0.171875
2 0.7890625 0.8625 0.259375 0.1421875