2 0.3109375 0.96484375 0.1625 0.0625
2 0.3109375 0.4125 0.11875 0.059375
2 0.2515625 0.67109375 0.19375 0.125
2 0.29296875 0.76015625 0.15625 0.1125
2 0.1 0.71875 0.15625 0.1046875
2 0.1515625 0.48984375 0.1109375 0.0625
2 0.65859375 0.00390625 0.1484375 0.0078125
2 0.60390625 0.75625 0.1703125 0.228125
2 0.5953125 0.9640625 0.125 0.071875
2 0.51875 0.54375 0.134375 0.078125
2 0.26328125 0.03359375 0.15625 0.065625
2 0.3109375 0.34375 0.1484375 0.0875
2 0.14453125 0.25625 0.15625 0.1125
2 0.4515625 0.11484375 0.3109375 0.228125
2 0.01875 0.81640625 0.0375 0.240625
2 0.7921875 0.184375 0.415625 0.346875
2 0.04453125 0.43984375 0.0890625 0.203125