0 0.4703125 0.37109375 0.15625 0.1
2 0.63671875 0.06015625 0.11875 0.078125
0 0.69609375 0.72109375 0.178125 0.1
0 0.66640625 0.86640625 0.2375 0.140625
0 0.54453125 0.58125 0.15625 0.103125
0 0.48515625 0.47734375 0.15625 0.103125
2 0.8703125 0.03359375 0.259375 0.065625
2 0.440625 0.65390625 0.88125 0.690625
2 0.10390625 0.9 0.20625 0.2
2 0.8109375 0.37109375 0.184375 0.109375
2 0.240625 0.07734375 0.40625 0.153125
2 0.2296875 0.26484375 0.20625 0.1375
2 0.73671875 0.63125 0.275 0.171875
2 0.79296875 0.1375 0.2515625 0.140625