2 0.66484375 0.93671875 0.153125 0.1109375
0 0.3375 0.0296875 0.065625 0.059375
2 0.7625 0.62578125 0.075 0.125
2 0.6375 0.57421875 0.075 0.1109375
0 0.32734375 0.3703125 0.096875 0.1484375
0 0.22109375 0.3890625 0.1 0.140625
0 0.0171875 0.5734375 0.034375 0.215625
2 0.17890625 0.80390625 0.190625 0.31875
2 0.79765625 0.8296875 0.396875 0.325
2 0.54140625 0.0703125 0.134375 0.140625
0 0.125 0.43359375 0.090625 0.15625
2 0.19609375 0.42578125 0.390625 0.8515625
2 0.32109375 0.72578125 0.1 0.178125
2 0.43515625 0.1515625 0.1375 0.215625
2 0.55 0.72578125 0.140625 0.2515625
2 0.91875 0.24453125 0.153125 0.4890625
2 0.0734375 0.63984375 0.146875 0.2890625
2 0.64765625 0.21875 0.2125 0.4375