2 0.72578125 0.16640625 0.11875 0.084375
2 0.0703125 0.27734375 0.140625 0.528125
2 0.19609375 0.27109375 0.1703125 0.125
2 0.21875 0.50234375 0.15625 0.103125
2 0.1 0.76015625 0.125 0.071875
2 0.05546875 0.54609375 0.1109375 0.1
2 0.17421875 0.59375 0.184375 0.1125
2 0.6109375 0.04375 0.525 0.0875
2 0.4515625 0.70625 0.134375 0.078125
2 0.49296875 0.47890625 0.215625 0.175
2 0.25546875 0.89765625 0.140625 0.096875
2 0.10703125 0.96640625 0.15625 0.0671875
2 0.03359375 0.80859375 0.065625 0.2
2 0.76640625 0.94375 0.465625 0.1125