2 0.6296875 0.37890625 0.178125 0.065625
2 0.01484375 0.675 0.0296875 0.125
2 0.58125 0.58984375 0.096875 0.078125
2 0.640625 0.46015625 0.125 0.0875
0 0.41484375 0.975 0.1484375 0.05
0 0.39609375 0.89609375 0.1703125 0.0921875
2 0.75546875 0.89765625 0.20625 0.096875
2 0.42578125 0.91640625 0.8515625 0.1671875
2 0.1703125 0.79609375 0.221875 0.134375
2 0.58515625 0.1125 0.7703125 0.225
2 0.26328125 0.30625 0.525 0.178125
2 0.21484375 0.57265625 0.4296875 0.221875
2 0.86640625 0.31875 0.265625 0.6375
2 0.73671875 0.66875 0.259375 0.146875