2 0.21875 0.61484375 0.065625 0.046875
2 0.784375 0.0359375 0.103125 0.071875
2 0.08515625 0.18984375 0.1703125 0.371875
2 0.07421875 0.42890625 0.1484375 0.1
2 0.12578125 0.63984375 0.134375 0.071875
2 0.2484375 0.14140625 0.1703125 0.125
2 0.27421875 0.7125 0.075 0.05
2 0.5296875 0.35 0.215625 0.165625
2 0.20390625 0.46640625 0.2 0.125
2 0.2515625 0.375 0.1484375 0.109375
2 0.48125 0.58984375 0.134375 0.078125
2 0.12578125 0.87265625 0.1625 0.1125
2 0.278125 0.78515625 0.140625 0.0796875
2 0.42890625 0.95234375 0.3109375 0.0953125
2 0.00703125 0.3296875 0.0140625 0.225
2 0.03671875 0.690625 0.0734375 0.203125
2 0.7703125 0.88359375 0.459375 0.2328125