2 0.37109375 0.340625 0.084375 0.10625
2 0.59140625 0.334375 0.075 0.13125
2 0.3125 0.775 0.115625 0.2
2 0.83359375 0.778125 0.325 0.35625
2 0.03984375 0.925 0.078125 0.1375
2 0.35390625 0.359375 0.059375 0.08125
2 0.24140625 0.925 0.365625 0.1375
2 0.92890625 0.290625 0.134375 0.24375
2 0.22109375 0.725 0.115625 0.2625
2 0.85390625 0.071875 0.125 0.14375
2 0.52734375 0.2875 0.078125 0.1125
2 0.56640625 0.79375 0.059375 0.1
2 0.475 0.340625 0.084375 0.14375
2 0.32265625 0.4625 0.0875 0.1625
2 0.07734375 0.778125 0.096875 0.13125
2 0.39375 0.684375 0.246875 0.18125
2 0.85859375 0.478125 0.265625 0.25625
2 0.55625 0.465625 0.4125 0.24375
2 0.07734375 0.596875 0.153125 0.61875