2 0.84375 0.26328125 0.053125 0.08125
2 0.21484375 0.58515625 0.221875 0.221875
2 0.49140625 0.15546875 0.075 0.134375
2 0.2625 0.10703125 0.115625 0.15625
2 0.31484375 0.23359375 0.1125 0.2
2 0.2125 0.3 0.115625 0.1703125
2 0.98515625 0.659375 0.028125 0.1484375
2 0.43359375 0.51875 0.084375 0.1625
2 0.62109375 0.30390625 0.115625 0.1484375
2 0.725 0.1484375 0.109375 0.1625
2 0.96015625 0.26328125 0.078125 0.15625
2 0.875 0.4515625 0.25 0.3109375
2 0.78984375 0.79609375 0.3625 0.40625
2 0.165625 0.021875 0.2375 0.04375
2 0.5375 0.0484375 0.209375 0.096875