0 0.359375 0.4375 0.1703125 0.075
2 0.36328125 0.43515625 0.1625 0.071875
2 0.92578125 0.74140625 0.1484375 0.125
2 0.40703125 0.64765625 0.11875 0.078125
0 0.60078125 0.9515625 0.1328125 0.096875
2 0.359375 0.52265625 0.125 0.078125
2 0.88984375 0.04765625 0.2078125 0.0953125
2 0.55546875 0.9390625 0.8890625 0.121875
2 0.234375 0.9578125 0.215625 0.084375
2 0.4078125 0.14140625 0.784375 0.2828125
2 0.12578125 0.34765625 0.2515625 0.6953125
2 0.83359375 0.85625 0.2 0.1296875
2 0.25546875 0.72890625 0.259375 0.1421875
2 0.7890625 0.63359375 0.421875 0.2171875
2 0.74453125 0.3625 0.5109375 0.165625