2 0.271875 0.31484375 0.21875 0.1125
2 0.946875 0.87109375 0.10625 0.125
2 0.734375 0.52265625 0.14375 0.0875
2 0.684375 0.47265625 0.15625 0.078125
2 0.0875 0.24375 0.175 0.371875
2 0.334375 0.3875 0.20625 0.25
2 0.259375 0.07734375 0.11875 0.096875
2 0.553125 0.86015625 0.25625 0.253125
2 0.3125 0.22265625 0.2625 0.1125
2 0.76875 0.08984375 0.1125 0.096875
2 0.725 0.93515625 0.2125 0.121875
2 0.228125 0.83984375 0.41875 0.3125
2 0.575 0.325 0.1625 0.090625
2 0.240625 0.57109375 0.10625 0.059375
2 0.575 0.55234375 0.225 0.428125
2 0.434375 0.0796875 0.61875 0.159375