2 0.78515625 0.83359375 0.35625 0.084375
2 0.94765625 0.4171875 0.1046875 0.159375
2 0.75546875 0.98984375 0.1484375 0.0203125
2 0.9890625 0.86640625 0.021875 0.234375
2 0.72578125 0.75859375 0.11875 0.065625
2 0.38515625 0.16875 0.51875 0.3375
2 0.67421875 0.46640625 0.20625 0.115625
2 0.4 0.36640625 0.221875 0.125
2 0.9 0.93125 0.2 0.1375
2 0.88515625 0.72734375 0.2296875 0.1625
2 0.2515625 0.61640625 0.35625 0.1921875
2 0.19296875 0.225 0.296875 0.259375
2 0.53359375 0.99765625 0.384375 0.0046875