2 0.93984375 0.640625 0.078125 0.1109375
0 0.13515625 0.678125 0.1375 0.215625
0 0.27734375 0.6890625 0.096875 0.1625
0 0.62890625 0.46328125 0.090625 0.140625
0 0.425 0.54453125 0.090625 0.15625
0 0.52109375 0.4890625 0.1 0.1484375
2 0.96640625 0.8703125 0.065625 0.24375
2 0.34609375 0.44453125 0.690625 0.875
2 0.63125 0.81484375 0.103125 0.19375
2 0.73515625 0.2296875 0.1375 0.20625
2 0.92265625 0.23671875 0.153125 0.415625
2 0.10234375 0.1 0.203125 0.2
2 0.86015625 0.79296875 0.146875 0.2515625
2 0.36640625 0.74453125 0.165625 0.275