2 0.175 0.778125 0.325 0.36875
2 0.7625 0.484375 0.05 0.09375
2 0.13984375 0.06875 0.12109375 0.1375
2 0.75390625 0.91875 0.38359375 0.15
2 0.78125 0.7 0.1125 0.25
2 0.91015625 0.24375 0.09609375 0.1
2 0.47265625 0.275 0.07890625 0.125
2 0.42734375 0.78125 0.05390625 0.0875
2 0.07109375 0.284375 0.13359375 0.23125
2 0.92109375 0.76875 0.1 0.125
2 0.675 0.440625 0.09140625 0.15625
2 0.60859375 0.684375 0.25 0.18125
2 0.52734375 0.3375 0.07109375 0.1375
2 0.14375 0.471875 0.2625 0.25625
2 0.44609375 0.453125 0.43359375 0.23125
2 0.91875 0.590625 0.1625 0.63125