2 0.5515625 0.60859375 0.065625 0.040625
0 0.6296875 0.13515625 0.1484375 0.071875
0 0.02578125 0.63984375 0.0515625 0.0625
2 0.6296875 0.21484375 0.134375 0.078125
2 0.57421875 0.34140625 0.1109375 0.075
2 0.8 0.8 0.3109375 0.1921875
0 0.3703125 0.65 0.1484375 0.090625
0 0.43359375 0.85 0.15625 0.090625
0 0.5625 0.9703125 0.20625 0.059375
2 0.0703125 0.43125 0.140625 0.1375
0 0.38515625 0.75625 0.134375 0.096875
2 0.83671875 0.19140625 0.325 0.375
2 0.72578125 0.65390625 0.1625 0.1
2 0.421875 0.7953125 0.84375 0.409375
2 0.1484375 0.54140625 0.20625 0.134375
2 0.6359375 0.9140625 0.296875 0.171875
2 0.72578125 0.425 0.2515625 0.140625
2 0.25546875 0.06640625 0.5109375 0.1328125
2 0.21484375 0.32734375 0.4296875 0.2125