2 0.059375 0.2 0.11875 0.059375
2 0.0078125 0.5828125 0.015625 0.075
2 0.08515625 0.22109375 0.1109375 0.05
2 0.07421875 0.45390625 0.1484375 0.075
2 0.09296875 0.38515625 0.1703125 0.078125
2 0.259375 0.07890625 0.0890625 0.040625
2 0.0671875 0.121875 0.134375 0.053125
2 0.23671875 0.30625 0.103125 0.053125
2 0.040625 0.18515625 0.08125 0.046875
2 0.5484375 0.07265625 0.1484375 0.0875
2 0.16328125 0.00234375 0.265625 0.003125
2 0.22578125 0.15 0.140625 0.084375
2 0.459375 0.92734375 0.3109375 0.1375
2 0.42578125 0.04609375 0.125 0.065625
2 0.034375 0.01015625 0.065625 0.0203125
2 0.2484375 0.74765625 0.3484375 0.4875
2 0.3515625 0.49140625 0.2 0.1
2 0.4515625 0.29140625 0.28125 0.15
2 0.51875 0.60390625 0.28125 0.190625