2 0.7890625 0.63984375 0.065625 0.053125
2 0.540625 0.78359375 0.103125 0.059375
2 0.87421875 0.66484375 0.134375 0.071875
2 0.76640625 0.17265625 0.15625 0.1125
2 0.92265625 0.2046875 0.1546875 0.409375
2 0.878125 0.89765625 0.1703125 0.1125
2 0.72578125 0.74609375 0.075 0.05
2 0.93359375 0.45 0.1328125 0.1
2 0.5296875 0.6125 0.125 0.084375
2 0.48515625 0.39140625 0.215625 0.2
2 0.7515625 0.40390625 0.15625 0.109375
2 0.79296875 0.49609375 0.19375 0.115625
2 0.7296875 0.80859375 0.15625 0.084375
2 0.56328125 0.96484375 0.3109375 0.0703125
2 0.96640625 0.7125 0.065625 0.190625
2 0.234375 0.89609375 0.465625 0.2078125