2 0.3109375 0.4375 0.103125 0.059375
2 0.10390625 0.74140625 0.1625 0.109375
2 0.15546875 0.52109375 0.11875 0.065625
2 0.24453125 0.69375 0.19375 0.1125
2 0.259375 0.54375 0.075 0.046875
2 0.3 0.79140625 0.15625 0.109375
2 0.665625 0.01640625 0.134375 0.0328125
2 0.6109375 0.7875 0.2 0.240625
2 0.5296875 0.57265625 0.125 0.078125
2 0.14453125 0.28125 0.15625 0.1125
2 0.30703125 0.37109375 0.140625 0.084375
2 0.46328125 0.12734375 0.334375 0.253125
2 0.25859375 0.04140625 0.1484375 0.0828125
2 0.021875 0.840625 0.04375 0.240625
2 0.79609375 0.21640625 0.40625 0.359375
2 0.0515625 0.4703125 0.103125 0.215625