2 0.27265625 0.328125 0.121875 0.24375
2 0.48984375 0.503125 0.096875 0.10625
2 0.73359375 0.94375 0.065625 0.0875
2 0.0234375 0.51875 0.046875 0.1375
2 0.34765625 0.28125 0.253125 0.2125
2 0.04375 0.359375 0.0875 0.11875
2 0.28515625 0.059375 0.0875 0.11875
2 0.2625 0.540625 0.25 0.20625
2 0.525 0.378125 0.059375 0.10625
2 0.02109375 0.628125 0.040625 0.20625
2 0.17734375 0.3 0.121875 0.3
2 0.825 0.096875 0.3 0.19375
2 0.66484375 0.79375 0.1125 0.2125
2 0.12109375 0.715625 0.084375 0.16875
2 0.5125 0.078125 0.425 0.15625
2 0.41015625 0.721875 0.4375 0.23125
2 0.92109375 0.01875 0.140625 0.0375
2 0.0609375 0.2375 0.121875 0.475
2 0.82734375 0.56875 0.3375 0.75