2 0.775 0.74375 0.2125 0.121875
2 0.859375 0.67265625 0.18125 0.2375
2 0.615625 0.53125 0.10625 0.096875
2 0.609375 0.98515625 0.13125 0.0296875
2 0.171875 0.2875 0.10625 0.065625
2 0.75 0.49609375 0.1 0.059375
2 0.96875 0.19609375 0.0625 0.284375
2 0.76875 0.96640625 0.125 0.0671875
2 0.58125 0.75859375 0.2 0.25
2 0.490625 0.9890625 0.21875 0.021875
2 0.81875 0.8375 0.3 0.1171875
2 0.4125 0.89765625 0.1625 0.078125
2 0.334375 0.35390625 0.20625 0.109375
2 0.40625 0.61484375 0.2375 0.428125
2 0.98125 0.51015625 0.0375 0.428125
2 0.81875 0.94765625 0.3625 0.1046875
2 0.56875 0.18359375 0.7125 0.35