2 0.58984375 0.16640625 0.07890625 0.12578125
2 0.48984375 0.32578125 0.0875 0.10390625
2 0.22890625 0.27421875 0.05859375 0.07421875
2 0.86875 0.321875 0.12109375 0.18515625
2 0.64140625 0.5484375 0.08359375 0.1484375
2 0.61640625 0.278125 0.05 0.06640625
2 0.69140625 0.459375 0.34140625 0.35546875
2 0.76640625 0.259375 0.125 0.19296875
2 0.82109375 0.11875 0.10859375 0.1484375
2 0.10625 0.27421875 0.09609375 0.178125
2 0.43984375 0.321875 0.07890625 0.140625
2 0.896875 0.03671875 0.196875 0.0734375
2 0.8625 0.640625 0.25 0.2
2 0.34765625 0.15546875 0.1125 0.1484375
2 0.0375 0.159375 0.075 0.31875
2 0.16484375 0.459375 0.32890625 0.3109375
2 0.54375 0.0515625 0.2125 0.103125
2 0.28359375 0.8 0.35859375 0.4