2 0.30859375 0.29296875 0.059375 0.08125
2 0.05 0.63671875 0.1 0.2515625
2 0.0875 0.678125 0.165625 0.2
2 0.16015625 0.28125 0.1125 0.20625
2 0.33984375 0.1890625 0.071875 0.140625
2 0.28359375 0.57421875 0.084375 0.15625
2 0.05625 0.35546875 0.103125 0.1484375
2 0.42265625 0.340625 0.053125 0.0890625
2 0.58515625 0.16640625 0.121875 0.15625
2 0.98515625 0.30390625 0.028125 0.20625
2 0.82734375 0.278125 0.096875 0.1703125
2 0.10859375 0.14453125 0.115625 0.1703125
2 0.92890625 0.159375 0.140625 0.31875
2 0.49140625 0.34453125 0.090625 0.15625
2 0.77734375 0.4890625 0.346875 0.3703125
2 0.05625 0.0515625 0.1125 0.103125
2 0.3875 0.059375 0.2 0.11875
2 0.64765625 0.80703125 0.353125 0.384375