2 0.51640625 0.63359375 0.065625 0.1703125
2 0.73359375 0.59609375 0.084375 0.125
0 0.99765625 0.4109375 0.003125 0.140625
2 0.60390625 0.6484375 0.084375 0.125
2 0.99375 0.76328125 0.0125 0.19375
2 0.11484375 0.10390625 0.1375 0.20625
2 0.98515625 0.44453125 0.028125 0.8890625
2 0.384375 0.8625 0.746875 0.275
2 0.93125 0.1890625 0.1375 0.2296875
2 0.44375 0.259375 0.1625 0.51875
2 0.72265625 0.2109375 0.2125 0.421875
2 0.81015625 0.7515625 0.146875 0.259375
2 0.18515625 0.59921875 0.3703125 0.7859375