2 0.06328125 0.52734375 0.125 0.103125
2 0.20390625 0.34140625 0.065625 0.05
2 0.2 0.50859375 0.19375 0.140625
2 0.1109375 0.31875 0.11875 0.071875
2 0.23359375 0.58125 0.15625 0.096875
2 0.07421875 0.78515625 0.1484375 0.421875
2 0.49609375 0.78359375 0.1484375 0.090625
2 0.26328125 0.23984375 0.08125 0.0625
2 0.47421875 0.36875 0.134375 0.078125
2 0.1109375 0.08515625 0.1625 0.1125
2 0.259375 0.17109375 0.134375 0.075
2 0.5109375 0.57734375 0.221875 0.221875
2 0.459375 0.02734375 0.384375 0.053125
2 0.03671875 0.26796875 0.0734375 0.2046875
2 0.00390625 0.625 0.00625 0.2171875
2 0.7703125 0.09609375 0.459375 0.190625