2 0.4078125 0.94765625 0.084375 0.1046875
2 0.32109375 0.83671875 0.059375 0.103125
2 0.46875 0.9703125 0.078125 0.059375
2 0.13359375 0.9703125 0.065625 0.059375
2 0.19609375 0.9890625 0.05 0.021875
2 0.06484375 0.6296875 0.071875 0.134375
2 0.16640625 0.8296875 0.090625 0.1625
2 0.7625 0.821875 0.465625 0.35625
2 0.00859375 0.88125 0.015625 0.2375
2 0.93515625 0.6 0.128125 0.296875
2 0.01640625 0.9953125 0.0328125 0.00625
2 0.52109375 0.721875 0.115625 0.215625
2 0.31015625 0.59609375 0.1625 0.31875
2 0.63125 0.5484375 0.196875 0.28125