2 0.89609375 0.24453125 0.13359375 0.16328125
2 0.82265625 0.07421875 0.3375 0.1484375
2 0.42109375 0.23359375 0.05 0.08125
2 0.65859375 0.26328125 0.10859375 0.15546875
2 0.39375 0.12578125 0.07109375 0.13359375
2 0.61484375 0.078125 0.10390625 0.15546875
2 0.65625 0.55546875 0.22109375 0.19296875
2 0.5625 0.2109375 0.10859375 0.18515625
2 0.31640625 0.278125 0.05 0.06640625
2 0.1625 0.1296875 0.11640625 0.1703125
2 0.24765625 0.28125 0.07890625 0.13359375
2 0.44765625 0.4890625 0.0875 0.1484375
2 0.06640625 0.44765625 0.1328125 0.3328125
2 0.70390625 0.0109375 0.225 0.021875
2 0.3453125 0.03671875 0.2 0.0734375
2 0.13515625 0.77421875 0.2703125 0.4515625