0 0.45546875 0.37109375 0.15625 0.090625
2 0.63359375 0.06015625 0.1109375 0.078125
0 0.66640625 0.86484375 0.2375 0.146875
0 0.68515625 0.72109375 0.184375 0.1
0 0.48515625 0.47890625 0.15625 0.109375
0 0.540625 0.575 0.1484375 0.090625
2 0.440625 0.6515625 0.88125 0.696875
2 0.8703125 0.03515625 0.259375 0.0703125
2 0.80390625 0.37109375 0.2 0.109375
2 0.1 0.9 0.2 0.2
2 0.2359375 0.07890625 0.415625 0.1578125
2 0.73671875 0.63359375 0.275 0.165625
2 0.221875 0.26640625 0.20625 0.134375
2 0.79296875 0.13984375 0.2515625 0.146875