2 0.86640625 0.42890625 0.134375 0.084375
2 0.54453125 0.4625 0.184375 0.109375
2 0.58125 0.37890625 0.184375 0.109375
2 0.378125 0.8125 0.19375 0.1171875
2 0.97421875 0.075 0.0515625 0.15
2 0.940625 0.28515625 0.11875 0.503125
2 0.9109375 0.88125 0.178125 0.2296875
2 0.29609375 0.36640625 0.20625 0.125
2 0.29609375 0.1671875 0.4296875 0.334375
2 0.82578125 0.93359375 0.3484375 0.1328125
2 0.778125 0.72734375 0.325 0.1796875
2 0.159375 0.62109375 0.303125 0.209375
2 0.1109375 0.22265625 0.20625 0.2625