2 0.98125 0.675 0.0375 0.15
2 0.74375 0.48125 0.1125 0.25
2 0.65390625 0.434375 0.240625 0.19375
2 0.9875 0.778125 0.025 0.19375
2 0.50625 0.659375 0.0875 0.10625
2 0.9578125 0.5125 0.084375 0.125
2 0.5125 0.040625 0.084375 0.08125
2 0.74140625 0.703125 0.25 0.20625
2 0.57265625 0.078125 0.078125 0.15625
2 0.72109375 0.190625 0.090625 0.18125
2 0.82734375 0.4625 0.121875 0.3
2 0.47265625 0.528125 0.053125 0.10625
2 0.32890625 0.9125 0.115625 0.175
2 0.16640625 0.209375 0.3 0.25625
2 0.88125 0.871875 0.078125 0.18125
2 0.07890625 0.090625 0.140625 0.18125
2 0.60234375 0.86875 0.453125 0.25
2 0.49140625 0.2 0.425 0.25
2 0.94375 0.334375 0.1125 0.63125
2 0.17265625 0.66875 0.3375 0.6625