2 0.9890625 0.775 0.021875 0.0671875
2 0.87421875 0.67265625 0.103125 0.0546875
2 0.9703125 0.58984375 0.059375 0.0875
2 0.97734375 0.75703125 0.0453125 0.0546875
2 0.8296875 0.25 0.340625 0.490625
2 0.7515625 0.47109375 0.215625 0.125
2 0.97734375 0.528125 0.0453125 0.078125
2 0.9109375 0.99140625 0.178125 0.0171875
2 0.87421875 0.83125 0.1625 0.0875
2 0.67421875 0.92890625 0.134375 0.075
2 0.62578125 0.05859375 0.31875 0.115625
2 0.63671875 0.6875 0.3109375 0.165625
2 0.56640625 0.36640625 0.2890625 0.2