2 0.9453125 0.26328125 0.109375 0.1703125
2 0.44140625 0.1296875 0.075 0.125
2 0.925 0.5484375 0.125 0.1625
2 0.0875 0.2515625 0.059375 0.0890625
2 0.00625 0.2484375 0.0125 0.15625
2 0.70859375 0.278125 0.109375 0.1703125
2 0.29375 0.29609375 0.078125 0.1484375
2 0.6578125 0.08125 0.109375 0.1625
2 0.20859375 0.13671875 0.109375 0.1703125
2 0.71875 0.56640625 0.203125 0.215625
2 0.60390625 0.21484375 0.115625 0.19375
2 0.48984375 0.49296875 0.071875 0.125
2 0.0875 0.440625 0.175 0.31875
2 0.7625 0.0109375 0.240625 0.021875
2 0.38984375 0.040625 0.196875 0.08125
2 0.15390625 0.78046875 0.3078125 0.4359375