2 0.63671875 0.5125 0.178125 0.065625
2 0.06328125 0.20234375 0.125 0.128125
2 0.59296875 0.3 0.11875 0.075
2 0.64453125 0.42890625 0.11875 0.084375
0 0.41796875 0.0171875 0.1546875 0.034375
2 0.10703125 0.915625 0.2140625 0.1375
2 0.759375 0.03125 0.184375 0.0625
2 0.440625 0.0359375 0.88125 0.071875
2 0.859375 0.62890625 0.28125 0.734375
2 0.1703125 0.09609375 0.20625 0.134375
2 0.25546875 0.58984375 0.5109375 0.1625
2 0.2109375 0.30625 0.421875 0.2125
2 0.7515625 0.22109375 0.259375 0.140625
2 0.6 0.83125 0.784375 0.3375