0 0.7 0.72109375 0.1703125 0.090625
0 0.7 0.86484375 0.1703125 0.1375
2 0.64453125 0.06015625 0.11875 0.078125
0 0.46640625 0.37109375 0.134375 0.090625
0 0.5484375 0.57890625 0.1625 0.1
2 0.87421875 0.03359375 0.2375 0.065625
0 0.49296875 0.47734375 0.140625 0.096875
2 0.44453125 0.64765625 0.8890625 0.703125
2 0.81484375 0.37265625 0.19375 0.1125
2 0.2484375 0.08125 0.39375 0.1625
2 0.11484375 0.9 0.2296875 0.2
2 0.22578125 0.26640625 0.2 0.134375
2 0.7515625 0.63125 0.275 0.171875
2 0.8 0.13515625 0.2515625 0.146875