2 0.5109375 0.12734375 0.178125 0.253125
2 0.04453125 0.19765625 0.075 0.053125
2 0.4 0.48515625 0.075 0.0625
2 0.84453125 0.975 0.2375 0.05
2 0.25546875 0.10390625 0.1703125 0.065625
2 0.72578125 0.72734375 0.0890625 0.053125
2 0.221875 0.21015625 0.075 0.053125
2 0.4328125 0.0046875 0.096875 0.009375
2 0.2890625 0.53984375 0.19375 0.103125
2 0.03359375 0.67734375 0.065625 0.1125
2 0.440625 0.2875 0.378125 0.325
2 0.22578125 0.33515625 0.15625 0.096875
2 0.09296875 0.09140625 0.15625 0.1
2 0.13671875 0.515625 0.2734375 0.253125
2 0.2484375 0.0234375 0.140625 0.046875
2 0.759375 0.16875 0.48125 0.3375
2 0.01484375 0.00234375 0.0296875 0.003125
2 0.35078125 0.83984375 0.4671875 0.3203125