2 0.11015625 0.55546875 0.1125 0.1484375
2 0.75234375 0.5703125 0.096875 0.1625
2 0.3734375 0.08125 0.103125 0.1625
2 0.58984375 0.1296875 0.071875 0.140625
2 0.15859375 0.0890625 0.3 0.178125
2 0.31640625 0.26328125 0.109375 0.1703125
2 0.075 0.2515625 0.115625 0.1625
2 0.41875 0.2109375 0.1125 0.2
2 0.325 0.56328125 0.234375 0.20625
2 0.53515625 0.49296875 0.078125 0.140625
2 0.81875 0.1296875 0.1125 0.15625
2 0.73125 0.28515625 0.078125 0.140625
2 0.925 0.440625 0.15 0.303125
2 0.26875 0.01875 0.228125 0.0375
2 0.6359375 0.03671875 0.203125 0.0734375
2 0.85625 0.77421875 0.2875 0.4515625