2 0.47421875 0.91484375 0.134375 0.0875
2 0.940625 0.60234375 0.11875 0.078125
2 0.80390625 0.68515625 0.096875 0.053125
2 0.95546875 0.87109375 0.0890625 0.065625
2 0.778125 0.91640625 0.103125 0.05
2 0.959375 0.5375 0.08125 0.075
2 0.80703125 0.83984375 0.1625 0.096875
2 0.97734375 0.8109375 0.0453125 0.053125
2 0.80703125 0.24140625 0.384375 0.475
2 0.60703125 0.93984375 0.134375 0.0796875
2 0.98125 0.9875 0.0375 0.025
2 0.56640625 0.07109375 0.2890625 0.134375
2 0.85078125 0.99609375 0.2359375 0.0078125
2 0.69609375 0.49375 0.20625 0.096875
2 0.57421875 0.69609375 0.303125 0.159375
2 0.52578125 0.37265625 0.296875 0.196875