2 0.65 0.40859375 0.1 0.090625
2 0.865625 0.26015625 0.23125 0.246875
2 0.203125 0.65859375 0.10625 0.065625
2 0.984375 0.74140625 0.03125 0.290625
2 0.96875 0.95 0.0625 0.0921875
2 0.778125 0.4375 0.10625 0.059375
2 0.59375 0.18125 0.2 0.253125
2 0.784375 0.00234375 0.13125 0.003125
2 0.8375 0.09609375 0.3 0.115625
2 0.421875 0.03984375 0.16875 0.078125
2 0.99375 0.41640625 0.0125 0.425
2 0.36875 0.58984375 0.2 0.103125
2 0.428125 0.32265625 0.24375 0.4375
2 0.821875 0.01875 0.35625 0.0375
2 0.6 0.78984375 0.675 0.4203125