2 0.340625 0.62890625 0.10625 0.084375
2 0.334375 0.40859375 0.13125 0.075
2 0.775 0.6875 0.2 0.1171875
2 0.778125 0.16640625 0.35625 0.325
2 0.925 0.96015625 0.1375 0.0796875
2 0.359375 0.64609375 0.08125 0.059375
2 0.925 0.75859375 0.1375 0.365625
2 0.290625 0.07109375 0.24375 0.134375
2 0.725 0.77890625 0.2625 0.115625
2 0.071875 0.14609375 0.14375 0.125
2 0.2875 0.47265625 0.1125 0.078125
2 0.79375 0.43359375 0.1 0.059375
2 0.340625 0.525 0.14375 0.084375
2 0.4625 0.67734375 0.1625 0.0875
2 0.778125 0.92265625 0.13125 0.096875
2 0.684375 0.60625 0.18125 0.246875
2 0.478125 0.14140625 0.25625 0.265625
2 0.465625 0.44375 0.24375 0.4125
2 0.596875 0.92265625 0.61875 0.1546875