0 0.6515625 0.67265625 0.19375 0.096875
2 0.63359375 0.025 0.1109375 0.05
0 0.53359375 0.525 0.1484375 0.084375
0 0.67421875 0.80859375 0.178125 0.134375
0 0.45546875 0.32109375 0.15625 0.090625
0 0.478125 0.42734375 0.140625 0.096875
2 0.24453125 0.05625 0.44375 0.1125
2 0.80390625 0.32265625 0.184375 0.1125
2 0.87421875 0.01015625 0.2515625 0.0203125
2 0.13671875 0.878125 0.2734375 0.240625
2 0.4484375 0.62890625 0.896875 0.734375
2 0.778125 0.08984375 0.2375 0.1375
2 0.21875 0.21640625 0.2 0.115625
2 0.73359375 0.58515625 0.28125 0.178125