2 0.51640625 0.24453125 0.05 0.075
2 0.05390625 0.540625 0.1 0.178125
2 0.04609375 0.278125 0.090625 0.1703125
2 0.54375 0.13671875 0.0625 0.1109375
2 0.275 0.2890625 0.109375 0.1625
2 0.48984375 0.49609375 0.078125 0.134375
2 0.6875 0.29609375 0.084375 0.1484375
2 0.375 0.21484375 0.115625 0.20625
2 0.275 0.57421875 0.234375 0.215625
2 0.77734375 0.13671875 0.103125 0.15625
2 0.98359375 0.25078125 0.0328125 0.1640625
2 0.90234375 0.4484375 0.1953125 0.31875
2 0.22578125 0.021875 0.2421875 0.04375
2 0.5875 0.04453125 0.2 0.0890625
2 0.83515625 0.78125 0.328125 0.4375