2 0.96640625 0.72890625 0.065625 0.115625
2 0.15546875 0.7625 0.2515625 0.175
0 0.3515625 0.57109375 0.15625 0.084375
0 0.378125 0.43515625 0.19375 0.128125
0 0.58125 0.92109375 0.15625 0.1
2 0.12265625 0.1734375 0.2453125 0.346875
0 0.57421875 0.81015625 0.140625 0.096875
2 0.559375 0.53984375 0.88125 0.9125
2 0.31875 0.07265625 0.2515625 0.1375
0 0.5109375 0.71640625 0.1625 0.1
2 0.2296875 0.92109375 0.178125 0.109375
2 0.859375 0.0984375 0.28125 0.196875
2 0.8109375 0.97890625 0.2296875 0.0421875
2 0.89609375 0.31875 0.20625 0.3375
2 0.3 0.65390625 0.303125 0.184375