2 0.86484375 0.01875 0.121875 0.0375
2 0.89140625 0.82578125 0.159375 0.275
2 0.0484375 0.48515625 0.096875 0.1703125
0 0.57265625 0.59609375 0.1125 0.15625
0 0.7 0.621875 0.084375 0.1484375
2 0.14375 0.678125 0.2875 0.275
0 0.94375 0.41484375 0.096875 0.1484375
0 0.85390625 0.48125 0.084375 0.1484375
2 0.57734375 0.43671875 0.8453125 0.8734375
2 0.2375 0.88515625 0.475 0.2296875
2 0.19375 0.14453125 0.278125 0.2890625
2 0.4546875 0.09609375 0.334375 0.1921875
2 0.7875 0.67421875 0.184375 0.296875