2 0.13984375 0.034375 0.128125 0.06875
2 0.72265625 0.88125 0.296875 0.1875
2 0.6875 0.68125 0.115625 0.225
2 0.67734375 0.371875 0.0875 0.18125
2 0.42734375 0.728125 0.053125 0.10625
2 0.78125 0.64375 0.121875 0.275
2 0.15390625 0.7375 0.3 0.425
2 0.6125 0.615625 0.240625 0.19375
2 0.0625 0.234375 0.115625 0.23125
2 0.46484375 0.225 0.078125 0.1125
2 0.525 0.275 0.075 0.15
2 0.92109375 0.70625 0.090625 0.125
2 0.14375 0.409375 0.271875 0.25625
2 0.45234375 0.3875 0.4375 0.2375
2 0.9203125 0.528125 0.159375 0.61875