2 0.0109375 0.0359375 0.021875 0.071875
2 0.63359375 0.72265625 0.1703125 0.078125
2 0.06640625 0.421875 0.1328125 0.134375
2 0.578125 0.51484375 0.11875 0.078125
2 0.63359375 0.63984375 0.125 0.0875
2 0.80703125 0.075 0.296875 0.15
0 0.38125 0.20390625 0.15625 0.090625
0 0.40390625 0.1 0.140625 0.090625
0 0.44453125 0.025 0.1625 0.05
2 0.74453125 0.2 0.15625 0.090625
2 0.559375 0.9375 0.7625 0.125
2 0.42578125 0.1359375 0.8515625 0.271875
2 0.66328125 0.0125 0.2890625 0.025
2 0.15546875 0.30859375 0.20625 0.134375
2 0.24453125 0.8 0.4890625 0.159375
2 0.2 0.525 0.4 0.209375
2 0.84453125 0.72734375 0.3109375 0.5453125
2 0.7296875 0.43359375 0.259375 0.140625