0 0.53671875 0.36875 0.15625 0.096875
2 0.36328125 0.06015625 0.11875 0.078125
0 0.33359375 0.86484375 0.2375 0.1375
0 0.321875 0.72109375 0.184375 0.1
0 0.51875 0.47734375 0.1484375 0.103125
0 0.45546875 0.57890625 0.15625 0.1
2 0.55234375 0.6515625 0.8671875 0.696875
2 0.1296875 0.03359375 0.259375 0.065625
2 0.89296875 0.9015625 0.2140625 0.196875
2 0.7640625 0.07890625 0.415625 0.1578125
2 0.1890625 0.37109375 0.184375 0.109375
2 0.77421875 0.2625 0.2 0.134375
2 0.259375 0.63359375 0.28125 0.165625
2 0.20703125 0.13984375 0.2515625 0.146875