2 0.19296875 0.75859375 0.075 0.05
2 0.61875 0.0421875 0.540625 0.084375
2 0.09296875 0.77734375 0.125 0.071875
2 0.7109375 0.18515625 0.134375 0.0875
2 0.20390625 0.30390625 0.1703125 0.134375
2 0.21484375 0.52109375 0.1625 0.1
2 0.06640625 0.28125 0.1328125 0.4625
2 0.2515625 0.85625 0.103125 0.053125
2 0.059375 0.57109375 0.11875 0.1
2 0.48515625 0.51875 0.215625 0.203125
2 0.440625 0.73125 0.125 0.078125
2 0.09921875 0.97734375 0.1546875 0.0453125
2 0.16640625 0.62109375 0.2 0.109375
2 0.25546875 0.92265625 0.140625 0.0796875
2 0.7625 0.9546875 0.475 0.090625
2 0.02578125 0.82734375 0.0515625 0.196875