2 0.66015625 0.43359375 0.078125 0.1109375
2 0.79765625 0.94453125 0.0625 0.1109375
2 0.925 0.7515625 0.040625 0.096875
2 0.6171875 0.91796875 0.075 0.1640625
2 0.78125 0.92578125 0.046875 0.103125
2 0.54765625 0.93671875 0.078125 0.125
2 0.69375 0.77421875 0.053125 0.096875
2 0.88125 0.940625 0.053125 0.11875
2 0.92890625 0.45546875 0.084375 0.140625
2 0.8171875 0.9625 0.040625 0.075
2 0.07265625 0.55546875 0.1375 0.3109375
2 0.85390625 0.778125 0.084375 0.1484375
2 0.95390625 0.58515625 0.065625 0.11875
2 0.24765625 0.778125 0.4875 0.3703125
2 0.99140625 0.9703125 0.015625 0.059375
2 0.50625 0.659375 0.103125 0.20625
2 0.70625 0.55546875 0.153125 0.28125
2 0.39140625 0.4890625 0.190625 0.28125