2 0.63671875 0.06015625 0.11875 0.078125
0 0.4703125 0.37109375 0.15625 0.1
0 0.69296875 0.72265625 0.15625 0.096875
0 0.6703125 0.86640625 0.24375 0.140625
0 0.48515625 0.47890625 0.140625 0.1
0 0.54453125 0.57734375 0.15625 0.096875
2 0.440625 0.6515625 0.88125 0.696875
2 0.8703125 0.03515625 0.259375 0.0703125
2 0.1 0.9 0.2 0.2
2 0.2328125 0.07890625 0.40625 0.1578125
2 0.221875 0.26640625 0.20625 0.134375
2 0.8109375 0.37109375 0.2 0.109375
2 0.740625 0.63359375 0.28125 0.165625
2 0.79296875 0.13984375 0.2515625 0.146875