2 0.73671875 0.0546875 0.1703125 0.109375
2 0.8703125 0.55859375 0.125 0.075
2 0.4515625 0.075 0.1625 0.125
2 0.7484375 0.9125 0.0890625 0.059375
2 0.7515625 0.99375 0.15625 0.0125
2 0.721875 0.29140625 0.1703125 0.109375
2 0.70390625 0.70625 0.1484375 0.078125
2 0.91875 0.3421875 0.1625 0.109375
2 0.86328125 0.79140625 0.1703125 0.109375
2 0.43359375 0.28125 0.215625 0.203125
2 0.78515625 0.39609375 0.19375 0.115625
2 0.50703125 0.51015625 0.125 0.071875
2 0.559375 0.9125 0.31875 0.175
2 0.9890625 0.2375 0.021875 0.240625
2 0.959375 0.61015625 0.08125 0.196875
2 0.21953125 0.84609375 0.4359375 0.3078125