2 0.57890625 0.63671875 0.065625 0.178125
2 0.36484375 0.59296875 0.078125 0.11875
2 0.27265625 0.059375 0.128125 0.11875
2 0.95625 0.1109375 0.0875 0.20625
0 0.05859375 0.39609375 0.090625 0.15625
2 0.49375 0.63671875 0.0875 0.11875
2 0.0671875 0.43671875 0.134375 0.8734375
2 0.8625 0.5890625 0.275 0.79375
2 0.05859375 0.75546875 0.115625 0.20625
2 0.65234375 0.26328125 0.171875 0.525
2 0.6546875 0.8625 0.690625 0.275
2 0.1625 0.1703125 0.134375 0.20625
2 0.28359375 0.74453125 0.140625 0.259375
2 0.37265625 0.21875 0.2125 0.4375