2 0.21640625 0.378125 0.075 0.13125
2 0.15 0.384375 0.075 0.13125
2 0.24140625 0.41875 0.075 0.125
2 0.12890625 0.321875 0.084375 0.13125
2 0.15234375 0.428125 0.078125 0.10625
2 0.54765625 0.23125 0.053125 0.0875
2 0.48359375 0.09375 0.084375 0.1375
2 0.975 0.51875 0.05 0.1375
2 0.99765625 0.359375 0.003125 0.11875
2 0.32109375 0.728125 0.1 0.16875
2 0.89765625 0.859375 0.121875 0.23125
2 0.91640625 0.628125 0.165625 0.20625
2 0.22265625 0.53125 0.296875 0.1375
2 0.675 0.565625 0.340625 0.29375
2 0.80390625 0.2375 0.390625 0.475