0 0.375 0.45546875 0.09140625 0.15546875
2 0.06015625 0.63359375 0.07890625 0.1109375
0 0.71875 0.678125 0.10390625 0.18515625
0 0.86015625 0.6703125 0.14609375 0.2
0 0.57109375 0.53671875 0.09140625 0.15546875
0 0.47734375 0.48125 0.10390625 0.1484375
2 0.65390625 0.440625 0.69140625 0.86640625
2 0.37265625 0.8109375 0.10390625 0.2
2 0.0375 0.8703125 0.075 0.259375
2 0.9 0.10703125 0.2 0.2140625
2 0.07890625 0.22890625 0.1578125 0.4140625
2 0.26640625 0.221875 0.13359375 0.221875
2 0.63359375 0.73359375 0.16640625 0.28125
2 0.13984375 0.78515625 0.14609375 0.2515625