2 0.15625 0.82578125 0.078125 0.24375
2 0.07265625 0.33671875 0.0875 0.140625
2 0.51015625 0.74453125 0.096875 0.2
2 0.23515625 0.8 0.0625 0.11875
2 0.78515625 0.9109375 0.1125 0.178125
2 0.01015625 0.82109375 0.0203125 0.1328125
2 0.59375 0.78125 0.103125 0.184375
2 0.83125 0.50703125 0.3375 0.4375
2 0.06640625 0.9296875 0.1328125 0.140625
2 0.62265625 0.47421875 0.121875 0.221875
2 0.25546875 0.9328125 0.1546875 0.134375
2 0.76875 0.26328125 0.2375 0.303125
2 0.38125 0.31875 0.203125 0.3703125