2 0.9625 0.921875 0.075 0.13125
2 0.40859375 0.334375 0.075 0.13125
2 0.91015625 0.24375 0.09609375 0.1
2 0.68515625 0.775 0.1125 0.175
2 0.77890625 0.721875 0.125 0.25625
2 0.65390625 0.3625 0.05 0.075
2 0.06015625 0.309375 0.1203125 0.24375
2 0.47265625 0.2875 0.07890625 0.1125
2 0.1625 0.778125 0.31640625 0.34375
2 0.43359375 0.796875 0.05859375 0.10625
2 0.52265625 0.340625 0.07890625 0.14375
2 0.925 0.778125 0.1 0.13125
2 0.675 0.46875 0.09140625 0.1625
2 0.60625 0.684375 0.2375 0.18125
2 0.13984375 0.48125 0.2625 0.25
2 0.44140625 0.465625 0.41640625 0.23125
2 0.9203125 0.603125 0.159375 0.60625