0 0.29140625 0.640625 0.075 0.184375
2 0.28984375 0.63359375 0.071875 0.184375
2 0.50234375 0.578125 0.078125 0.11875
2 0.9375 0.80390625 0.125 0.2890625
0 0.8125 0.378125 0.1 0.1484375
2 0.375 0.63359375 0.084375 0.1109375
2 0.8703125 0.42578125 0.259375 0.8515625
0 0.98125 0.44453125 0.0375 0.1625
0 0.91484375 0.4 0.0875 0.11875
2 0.81484375 0.74453125 0.103125 0.184375
2 0.07265625 0.55859375 0.1453125 0.7640625
2 0.99375 0.659375 0.0125 0.296875
2 0.70625 0.16328125 0.128125 0.20625
2 0.21640625 0.24453125 0.159375 0.4890625
2 0.58359375 0.73359375 0.140625 0.2515625
2 0.27890625 0.84453125 0.5578125 0.3109375
2 0.49375 0.21875 0.2125 0.4375