2 0.19765625 0.04453125 0.053125 0.075
2 0.1296875 0.5140625 0.259375 0.184375
2 0.48359375 0.4 0.059375 0.075
2 0.10390625 0.259375 0.065625 0.178125
2 0.97734375 0.84765625 0.0453125 0.2453125
2 0.2125 0.221875 0.05 0.075
2 0.72734375 0.72578125 0.053125 0.0890625
2 0.0046875 0.4328125 0.009375 0.096875
2 0.67734375 0.03359375 0.1125 0.065625
2 0.54140625 0.2890625 0.1 0.19375
2 0.28515625 0.42578125 0.321875 0.3484375
2 0.52265625 0.140625 0.271875 0.28125
2 0.33515625 0.2296875 0.0875 0.1484375
2 0.09140625 0.09296875 0.1 0.15625
2 0.025 0.2515625 0.05 0.1484375
2 0.16875 0.759375 0.3375 0.48125
2 0.00234375 0.01875 0.003125 0.0375
2 0.8375 0.3515625 0.325 0.465625