2 0.225 0.84453125 0.175 0.265625
0 0.55625 0.621875 0.121875 0.178125
0 0.07109375 0.41484375 0.1 0.1484375
0 0.42109375 0.63359375 0.090625 0.184375
0 0.26640625 0.478125 0.1 0.1703125
2 0.825 0.88125 0.35 0.221875
0 0.17109375 0.43671875 0.084375 0.11875
2 0.91875 0.678125 0.153125 0.24375
2 0.44375 0.440625 0.8875 0.88125
2 0.06875 0.76328125 0.103125 0.19375
2 0.8953125 0.14765625 0.209375 0.2953125
2 0.00859375 0.17421875 0.015625 0.2
2 0.66640625 0.10390625 0.340625 0.20625
2 0.33359375 0.7 0.184375 0.31875