2 0.86015625 0.034375 0.128125 0.06875
2 0.27734375 0.88125 0.296875 0.1875
2 0.3125 0.68125 0.115625 0.225
2 0.32265625 0.371875 0.0875 0.18125
2 0.57265625 0.728125 0.053125 0.10625
2 0.21875 0.64375 0.121875 0.275
2 0.84609375 0.7375 0.3 0.425
2 0.3875 0.615625 0.240625 0.19375
2 0.9375 0.234375 0.115625 0.23125
2 0.53515625 0.225 0.078125 0.1125
2 0.475 0.275 0.075 0.15
2 0.07890625 0.70625 0.090625 0.125
2 0.85625 0.409375 0.271875 0.25625
2 0.54765625 0.3875 0.4375 0.2375
2 0.0796875 0.528125 0.159375 0.61875