2 0.78125 0.37890625 0.065625 0.05
2 0.48515625 0.81875 0.15625 0.0875
2 0.87421875 0.35234375 0.134375 0.071875
2 0.7296875 0.275 0.096875 0.059375
2 0.91875 0.8078125 0.1625 0.365625
2 0.87421875 0.12109375 0.178125 0.109375
2 0.759375 0.61875 0.15625 0.103125
2 0.9296875 0.56875 0.140625 0.1046875
2 0.21875 0.96015625 0.1109375 0.071875
2 0.759375 0.85390625 0.140625 0.1171875
2 0.51875 0.40390625 0.1484375 0.084375
2 0.478125 0.62109375 0.215625 0.209375
2 0.540625 0.04375 0.384375 0.0875
2 0.8 0.52109375 0.19375 0.115625
2 0.44453125 0.18125 0.20625 0.1125
2 0.73359375 0.20625 0.1484375 0.078125
2 0.9890625 0.6625 0.021875 0.2171875
2 0.96328125 0.303125 0.0734375 0.2
2 0.23359375 0.1125 0.465625 0.225