2 0.9 0.30390625 0.125 0.221875
2 0.96640625 0.06328125 0.065625 0.125
2 0.70625 0.19296875 0.078125 0.134375
2 0.62890625 0.359375 0.065625 0.1109375
2 0.9625 0.36328125 0.075 0.178125
2 0.16484375 0.69609375 0.078125 0.1484375
2 0.22109375 0.28515625 0.090625 0.15625
2 0.76484375 0.59609375 0.0875 0.15625
2 0.46015625 0.178125 0.121875 0.1484375
2 0.55625 0.359375 0.0875 0.140625
2 0.04140625 0.3109375 0.0828125 0.178125
2 0.27109375 0.50703125 0.334375 0.3625
2 0.09140625 0.17734375 0.1828125 0.3546875
2 0.3953125 0.81796875 0.359375 0.3640625
2 0.66484375 0.0703125 0.221875 0.140625