2 0.02578125 0.60234375 0.0515625 0.0796875
2 0.0109375 0.775 0.021875 0.0578125
2 0.459375 0.27890625 0.2375 0.190625
2 0.10703125 0.41015625 0.140625 0.078125
2 0.2296875 0.59609375 0.11875 0.065625
2 0.421875 0.03359375 0.2515625 0.065625
2 0.0296875 0.54140625 0.059375 0.075
2 0.059375 0.87265625 0.11875 0.0625
2 0.13671875 0.0625 0.125 0.059375
2 0.03359375 0.8125 0.065625 0.05
2 0.19296875 0.79140625 0.19375 0.109375
2 0.21015625 0.94609375 0.2734375 0.1078125
2 0.040625 0.98984375 0.08125 0.0203125
1 0.6515625 0.5 0.696875 1