2 0.78984375 0.32578125 0.053125 0.075
2 0.96015625 0.16328125 0.071875 0.178125
0 0.90234375 0.62578125 0.0875 0.15625
2 0.67265625 0.36328125 0.0625 0.134375
2 0.96640625 0.74453125 0.065625 0.096875
2 0.51015625 0.1890625 0.1125 0.15625
2 0.8125 0.60703125 0.084375 0.134375
2 0.9375 0.321875 0.115625 0.215625
2 0.11484375 0.17421875 0.228125 0.3484375
2 0.26484375 0.29609375 0.0875 0.1625
2 0.06484375 0.31875 0.1125 0.178125
2 0.60390625 0.36640625 0.084375 0.140625
2 0.44609375 0.821875 0.359375 0.35625
2 0.3125 0.53359375 0.334375 0.384375
2 0.70859375 0.07421875 0.215625 0.1484375