2 0.70703125 0.70390625 0.08125 0.059375
2 0.71875 0.18125 0.178125 0.121875
2 0.44453125 0.54375 0.103125 0.0625
2 0.8109375 0.67265625 0.125 0.071875
2 0.64453125 0.95 0.1625 0.1
2 0.42578125 0.72890625 0.15625 0.084375
2 0.7296875 0.85859375 0.215625 0.125
2 0.83359375 0.42890625 0.15625 0.109375
2 0.69296875 0.025 0.2 0.05
2 0.83359375 0.07890625 0.3328125 0.1578125
2 0.6515625 0.52109375 0.1484375 0.084375
2 0.9484375 0.9515625 0.103125 0.096875
2 0.478125 0.2375 0.421875 0.340625
2 0.19296875 0.36484375 0.384375 0.346875
2 0.93359375 0.63125 0.1328125 0.2125