2 0.62578125 0.325 0.1109375 0.065625
0 0.38125 0.1 0.15625 0.084375
2 0.678125 0.20625 0.065625 0.053125
2 0.70390625 0.73515625 0.1484375 0.096875
2 0.8375 0.0359375 0.1625 0.071875
2 0.78125 0.23984375 0.140625 0.071875
2 0.24453125 0.03359375 0.103125 0.065625
2 0.39609375 0.18515625 0.140625 0.078125
2 0.678125 0.06015625 0.215625 0.1125
2 0.83359375 0.88359375 0.3328125 0.2328125
2 0.8109375 0.4875 0.15625 0.115625
2 0.678125 0.9375 0.184375 0.109375
2 0.6296875 0.39609375 0.1484375 0.084375
2 0.48125 0.68515625 0.35625 0.3375
2 0.178125 0.55234375 0.35625 0.353125
2 0.92578125 0.2875 0.1484375 0.215625