2 0.36640625 0.32109375 0.125 0.059375
2 0.15859375 0.0359375 0.1703125 0.071875
2 0.21484375 0.23984375 0.134375 0.071875
2 0.7515625 0.03359375 0.096875 0.065625
2 0.60703125 0.18125 0.134375 0.078125
2 0.01484375 0.63359375 0.0296875 0.0921875
2 0.31875 0.93125 0.178125 0.1046875
2 0.29609375 0.72734375 0.1484375 0.0875
2 0.31875 0.05859375 0.221875 0.115625
2 0.20703125 0.88359375 0.4140625 0.2328125
2 0.3703125 0.39140625 0.1484375 0.090625
2 0.1890625 0.4875 0.15625 0.115625
2 0.821875 0.55 0.35625 0.35
2 0.50390625 0.68359375 0.325 0.340625
2 0.0703125 0.28515625 0.140625 0.2125