2 0.09140625 0.54453125 0.084375 0.140625
2 0.24375 0.98515625 0.053125 0.0296875
2 0.325 0.87421875 0.059375 0.103125
2 0.41015625 0.9703125 0.0875 0.059375
2 0.75859375 0.8296875 0.475 0.340625
2 0.06640625 0.67421875 0.075 0.134375
2 0.4703125 0.97734375 0.075 0.0453125
2 0.51640625 0.76640625 0.1 0.184375
2 0.00859375 0.90703125 0.015625 0.184375
2 0.1375 0.99609375 0.065625 0.00625
2 0.94140625 0.621875 0.115625 0.296875
2 0.16875 0.8703125 0.0875 0.1703125
2 0.3125 0.63359375 0.165625 0.31875
2 0.63359375 0.57421875 0.190625 0.2890625