2 0.03984375 0.49609375 0.078125 0.178125
0 0.99140625 0.4109375 0.015625 0.15625
0 0.54375 0.60390625 0.1375 0.184375
0 0.82890625 0.478125 0.1 0.15625
0 0.68359375 0.60703125 0.109375 0.221875
0 0.92734375 0.421875 0.096875 0.1484375
2 0.13125 0.67421875 0.2625 0.265625
2 0.57109375 0.43671875 0.8578125 0.8734375
2 0.9875 0.7484375 0.025 0.20625
2 0.16953125 0.121875 0.2796875 0.24375
2 0.4234375 0.09609375 0.346875 0.1921875
2 0.225 0.878125 0.45 0.2296875
2 0.76484375 0.678125 0.178125 0.2890625