2 0.0703125 0.59140625 0.140625 0.084375
2 0.2515625 0.25234375 0.415625 0.4875
2 0.20703125 0.67265625 0.0890625 0.053125
2 0.21875 0.9125 0.125 0.059375
2 0.0296875 0.80390625 0.059375 0.059375
2 0.0484375 0.53125 0.096875 0.078125
2 0.40703125 0.93515625 0.134375 0.078125
2 0.440625 0.05625 0.31875 0.1125
2 0.04453125 0.86640625 0.0890625 0.075
2 0.01484375 0.98359375 0.0296875 0.0328125
2 0.3109375 0.48359375 0.221875 0.109375
2 0.20390625 0.83359375 0.1703125 0.0921875
2 0.14453125 0.99375 0.259375 0.0125
2 0.43359375 0.69375 0.303125 0.153125
2 0.50390625 0.36015625 0.296875 0.203125