2 0.63671875 0.06015625 0.11875 0.078125
0 0.66328125 0.86484375 0.24375 0.146875
0 0.68125 0.71484375 0.178125 0.096875
0 0.45546875 0.37265625 0.140625 0.0875
0 0.53671875 0.575 0.15625 0.090625
0 0.478125 0.475 0.15625 0.109375
2 0.87421875 0.0375 0.2515625 0.075
2 0.440625 0.65390625 0.88125 0.690625
2 0.80703125 0.37109375 0.19375 0.109375
2 0.1 0.9 0.2 0.2
2 0.73359375 0.63125 0.28125 0.171875
2 0.2359375 0.07890625 0.415625 0.1578125
2 0.221875 0.26484375 0.20625 0.1375
2 0.78515625 0.13984375 0.2515625 0.146875