0 0.6875 0.678125 0.08359375 0.15546875
2 0.03359375 0.6296875 0.06640625 0.11875
0 0.33984375 0.45546875 0.10390625 0.18515625
0 0.82890625 0.678125 0.14140625 0.2
0 0.5375 0.52578125 0.1 0.178125
0 0.44375 0.48515625 0.09609375 0.140625
2 0.33984375 0.80390625 0.12109375 0.2
2 0.02265625 0.865625 0.0453125 0.265625
2 0.6375 0.44453125 0.71640625 0.8890625
2 0.8890625 0.11484375 0.221875 0.2296875
2 0.23359375 0.21875 0.13359375 0.21484375
2 0.10625 0.78515625 0.1375 0.23671875
2 0.06484375 0.22578125 0.12890625 0.40703125
2 0.60234375 0.73359375 0.17109375 0.28125