2 0.42578125 0.63359375 0.140625 0.184375
2 0.9109375 0.82109375 0.178125 0.334375
2 0.41484375 0.22734375 0.1484375 0.096875
2 0.91875 0.6 0.1625 0.1
2 0.87421875 0.3875 0.11875 0.065625
2 0.740625 0.88359375 0.178125 0.134375
2 0.77421875 0.4125 0.08125 0.05
2 0.73671875 0.65625 0.15625 0.1125
2 0.45546875 0.67890625 0.215625 0.165625
2 0.72578125 0.30859375 0.075 0.059375
2 0.878125 0.15625 0.15625 0.1125
2 0.5109375 0.43984375 0.1484375 0.0875
2 0.71875 0.23984375 0.134375 0.0875
2 0.79296875 0.55625 0.19375 0.1125
2 0.521875 0.0625 0.39375 0.125
2 0.959375 0.33984375 0.08125 0.203125
2 0.98515625 0.7 0.0296875 0.225
2 0.2296875 0.12890625 0.459375 0.2578125