2 0.97421875 0.39765625 0.0515625 0.078125
2 0.9890625 0.225 0.021875 0.059375
2 0.540625 0.72109375 0.2375 0.190625
2 0.89296875 0.58984375 0.140625 0.0796875
2 0.7703125 0.40390625 0.11875 0.065625
2 0.578125 0.96640625 0.2515625 0.0671875
2 0.9703125 0.45859375 0.059375 0.075
2 0.940625 0.12734375 0.11875 0.0625
2 0.86328125 0.9375 0.125 0.059375
2 0.96640625 0.1875 0.065625 0.05
2 0.80703125 0.20859375 0.19375 0.109375
2 0.78984375 0.05390625 0.2734375 0.1078125
2 0.959375 0.01015625 0.08125 0.0203125
1 0.3484375 0.5 0.696875 1