2 0.0671875 0.396875 0.134375 0.078125
2 0.5296875 0.08125 0.140625 0.0875
2 0.05234375 0.22421875 0.1046875 0.0578125
2 0.19609375 0.31484375 0.096875 0.053125
2 0.04453125 0.45859375 0.0890625 0.075
2 0.196875 0.75546875 0.39375 0.4796875
2 0.0484375 0.12734375 0.096875 0.0625
2 0.23359375 0.08125 0.096875 0.046875
2 0.2 0.15625 0.1625 0.0875
2 0.02265625 0.1875 0.0453125 0.05
2 0.42578125 0.30234375 0.303125 0.153125
2 0.440625 0.92734375 0.2890625 0.1375
2 0.39609375 0.05625 0.140625 0.078125
2 0.01953125 0.01015625 0.0359375 0.0203125
2 0.30703125 0.50234375 0.215625 0.096875
2 0.14921875 0.00390625 0.2515625 0.0078125
2 0.48125 0.625 0.296875 0.190625