2 0.7 0.17734375 0.125 0.0875
2 0.3921875 0.9765625 0.134375 0.046875
2 0.3 0.35625 0.08125 0.053125
2 0.29296875 0.22734375 0.15625 0.103125
2 0.2 0.72265625 0.134375 0.0796875
2 0.0890625 0.975 0.178125 0.05
2 0.71484375 0.94609375 0.140625 0.1
2 0.278125 0.92265625 0.31875 0.146875
2 0.18125 0.47734375 0.15625 0.1125
2 0.60390625 0.77734375 0.15625 0.0875
2 0.36328125 0.56875 0.1484375 0.078125
2 0.31875 0.04140625 0.178125 0.0828125
2 0.81796875 0.415625 0.3640625 0.359375
2 0.2109375 0.09765625 0.421875 0.1953125
2 0.4890625 0.28359375 0.3109375 0.340625
2 0.06640625 0.67421875 0.1328125 0.2171875