2 0.771875 0.31640625 0.19375 0.109375
2 0.33125 0.59375 0.15 0.078125
2 0.309375 0.92734375 0.23125 0.1375
2 0.290625 0.52734375 0.10625 0.078125
2 0.728125 0.22109375 0.25625 0.125
2 0.790625 0.83359375 0.34375 0.325
2 0.08125 0.86015625 0.15 0.1125
2 0.690625 0.39140625 0.18125 0.234375
2 0.3625 0.475 0.1375 0.075
2 0.934375 0.0359375 0.11875 0.071875
2 0.784375 0.07890625 0.13125 0.090625
2 0.8125 0.56640625 0.1125 0.059375
2 0.46875 0.325 0.1625 0.090625
2 0.928125 0.24375 0.13125 0.371875
2 0.496875 0.85859375 0.25625 0.265625
2 0.475 0.55390625 0.2375 0.415625
2 0.615625 0.0796875 0.61875 0.159375