0 0.33671875 0.34609375 0.184375 0.090625
0 0.33359375 0.20390625 0.19375 0.140625
2 0.375 0.98359375 0.125 0.0328125
0 0.5484375 0.69609375 0.1625 0.1
0 0.4703125 0.49765625 0.15625 0.096875
0 0.52578125 0.59140625 0.1484375 0.1
2 0.2 0.69765625 0.221875 0.1046875
2 0.87421875 0.13359375 0.2515625 0.265625
2 0.559375 0.38359375 0.88125 0.759375
2 0.134375 0.99609375 0.265625 0.0078125
2 0.26640625 0.43125 0.28125 0.178125
2 0.78125 0.80390625 0.215625 0.134375
2 0.21875 0.92890625 0.24375 0.134375
2 0.7703125 0.95390625 0.4296875 0.0921875