2 0.9109375 0.1125 0.1484375 0.190625
2 0.03359375 0.61875 0.065625 0.1125
0 0.6515625 0.32109375 0.1625 0.134375
0 0.6515625 0.4625 0.178125 0.090625
2 0.7890625 0.81484375 0.184375 0.096875
0 0.50703125 0.625 0.15625 0.090625
0 0.45546875 0.7125 0.1109375 0.090625
2 0.13984375 0.0359375 0.2515625 0.071875
0 0.42578125 0.8125 0.15625 0.1
2 0.44453125 0.45 0.8890625 0.85
2 0.1109375 0.20859375 0.221875 0.35
2 0.1890625 0.925 0.2 0.125
2 0.71484375 0.55234375 0.303125 0.178125
2 0.76640625 0.9875 0.24375 0.025