2 0.0484375 0.56640625 0.096875 0.1171875
0 0.66328125 0.86484375 0.259375 0.146875
2 0.63671875 0.06015625 0.11875 0.078125
0 0.459375 0.37109375 0.1484375 0.090625
0 0.68515625 0.71640625 0.184375 0.1
0 0.48515625 0.475 0.15625 0.109375
0 0.54453125 0.57734375 0.15625 0.096875
2 0.87421875 0.03515625 0.2515625 0.0703125
2 0.440625 0.6515625 0.88125 0.696875
2 0.1 0.9015625 0.2 0.196875
2 0.240625 0.07890625 0.421875 0.1578125
2 0.8109375 0.37109375 0.2 0.109375
2 0.22578125 0.2625 0.215625 0.134375
2 0.73671875 0.63359375 0.275 0.165625
2 0.79296875 0.13984375 0.2515625 0.146875