2 0.17109375 0.178125 0.05 0.059375
2 0.2375 0.33671875 0.259375 0.3484375
2 0.10625 0.4484375 0.0375 0.08125
2 0.62265625 0.1890625 0.121875 0.15625
2 0.73359375 0.68125 0.075 0.103125
2 0.02890625 0.4359375 0.0578125 0.103125
2 0.39765625 0.20703125 0.096875 0.1484375
2 0.14375 0.08515625 0.0625 0.125
2 0.19765625 0.42578125 0.071875 0.125
2 0.07265625 0.240625 0.053125 0.08125
2 0.35859375 0.0484375 0.1 0.096875
2 0.30390625 0.15546875 0.109375 0.178125
2 0.39375 0.49609375 0.196875 0.11875
2 0.62109375 0.84453125 0.075 0.0890625
2 0.9078125 0.584375 0.184375 0.534375
2 0.02109375 0.2484375 0.040625 0.140625
2 0.69765625 0.059375 0.596875 0.11875
2 0.00859375 0.759375 0.015625 0.48125
2 0.10234375 0.01875 0.196875 0.0375