2 0.640625 0.06015625 0.1109375 0.078125
0 0.69296875 0.72109375 0.140625 0.075
0 0.48515625 0.48125 0.140625 0.096875
0 0.68125 0.86484375 0.20625 0.1375
0 0.54453125 0.57265625 0.15625 0.096875
0 0.478125 0.37734375 0.15625 0.096875
2 0.87421875 0.03125 0.2375 0.0625
2 0.4484375 0.65390625 0.88125 0.690625
2 0.81484375 0.36875 0.19375 0.103125
2 0.240625 0.07890625 0.421875 0.1578125
2 0.1109375 0.9 0.221875 0.2
2 0.2296875 0.26640625 0.20625 0.134375
2 0.8 0.13515625 0.2515625 0.146875
2 0.7484375 0.63515625 0.28125 0.171875