2 0.75546875 0.10390625 0.1625 0.134375
2 0.92578125 0.17734375 0.1484375 0.3375
2 0.76640625 0.57890625 0.08125 0.05
2 0.73671875 0.34140625 0.15625 0.109375
2 0.87421875 0.60625 0.134375 0.071875
2 0.921875 0.38515625 0.15625 0.103125
2 0.44453125 0.34375 0.19375 0.221875
2 0.7890625 0.4375 0.184375 0.109375
2 0.721875 0.68359375 0.065625 0.05
2 0.8703125 0.8375 0.1703125 0.1171875
2 0.71875 0.75234375 0.134375 0.078125
2 0.5109375 0.55234375 0.1484375 0.0875
2 0.55234375 0.93359375 0.3328125 0.1328125
2 0.9890625 0.29609375 0.021875 0.225
2 0.96328125 0.6546875 0.0734375 0.2
2 0.22578125 0.86484375 0.4515625 0.2703125