2 0.921875 0.70625 0.13125 0.1046875
2 0.490625 0.31640625 0.23125 0.109375
2 0.065625 0.51640625 0.13125 0.1
2 0.784375 0.0359375 0.23125 0.071875
2 0.09375 0.48359375 0.15 0.084375
2 0.44375 0.39140625 0.175 0.240625
2 0.2875 0.27734375 0.075 0.0375
2 0.534375 0.07890625 0.13125 0.1
2 0.69375 0.52890625 0.1125 0.1
2 0.1 0.94140625 0.2 0.109375
2 0.484375 0.22265625 0.26875 0.121875
2 0.71875 0.30625 0.1875 0.2375
2 0.221875 0.325 0.16875 0.090625
2 0.5625 0.56875 0.1125 0.0625
2 0.89375 0.15625 0.1875 0.078125
2 0.25625 0.85625 0.2625 0.2625
2 0.225 0.55390625 0.2375 0.434375
2 0.884375 0.43984375 0.23125 0.4625
2 0.678125 0.84609375 0.64375 0.3
2 0.35625 0.08125 0.6125 0.1625