2 0.659375 0.77109375 0.340625 0.25
2 0.82578125 0.8375 0.065625 0.05
2 0.8296875 0.01875 0.134375 0.028125
2 0.81875 0.38125 0.125 0.1125
2 0.31484375 0.275 0.1109375 0.075
2 0.56328125 0.97265625 0.103125 0.0546875
2 0.8 0.60625 0.1484375 0.1046875
2 0.75546875 0.93515625 0.0890625 0.053125
2 0.91875 0.85859375 0.11875 0.065625
2 0.9515625 0.64609375 0.096875 0.1
2 0.578125 0.80859375 0.11875 0.065625
2 0.84453125 0.7 0.1625 0.109375
2 0.15546875 0.38359375 0.0890625 0.075
2 0.50390625 0.6125 0.11875 0.2
2 0.940625 0.31015625 0.11875 0.596875
2 0.7515625 0.98125 0.125 0.0375
2 0.41484375 0.09609375 0.503125 0.190625
2 0.240625 0.99375 0.48125 0.0125
2 0.98515625 0.90390625 0.0296875 0.190625
2 0.09296875 0.875 0.140625 0.1125
0 0.41484375 0.475 0.140625 0.0875