2 0.14453125 0.36484375 0.259375 0.1625
0 0.48125 0.41015625 0.134375 0.078125
0 0.3484375 0.69609375 0.178125 0.140625
0 0.3484375 0.55 0.1484375 0.075
0 0.540625 0.30859375 0.11875 0.090625
2 0.85546875 0.96484375 0.2296875 0.0625
0 0.5703125 0.21015625 0.1625 0.103125
2 0.2109375 0.20390625 0.2 0.109375
2 0.28515625 0.47265625 0.303125 0.178125
2 0.559375 0.5703125 0.88125 0.859375
2 0.8703125 0.81640625 0.259375 0.35
2 0.7890625 0.09765625 0.24375 0.1375
2 0.23046875 0.02265625 0.2515625 0.0453125