2 0.03359375 0.72890625 0.065625 0.115625
2 0.84453125 0.7625 0.2515625 0.175
0 0.6484375 0.57109375 0.15625 0.084375
0 0.621875 0.43515625 0.19375 0.128125
0 0.41875 0.92109375 0.15625 0.1
2 0.87734375 0.1734375 0.2453125 0.346875
0 0.42578125 0.81015625 0.140625 0.096875
2 0.440625 0.53984375 0.88125 0.9125
2 0.68125 0.07265625 0.2515625 0.1375
0 0.4890625 0.71640625 0.1625 0.1
2 0.7703125 0.92109375 0.178125 0.109375
2 0.140625 0.0984375 0.28125 0.196875
2 0.1890625 0.97890625 0.2296875 0.0421875
2 0.10390625 0.31875 0.20625 0.3375
2 0.7 0.65390625 0.303125 0.184375