2 0.71796875 0.0359375 0.2359375 0.071875
0 0.64453125 0.34609375 0.1625 0.125
0 0.6484375 0.48359375 0.1703125 0.084375
0 0.42578125 0.83125 0.15625 0.0875
0 0.5 0.62734375 0.15625 0.096875
0 0.45546875 0.73125 0.140625 0.096875
2 0.1515625 0.053125 0.303125 0.103125
2 0.44453125 0.4546875 0.8890625 0.909375
2 0.765625 0.99609375 0.24375 0.0078125
2 0.79296875 0.83125 0.178125 0.096875
2 0.70703125 0.57265625 0.303125 0.1875
2 0.18828125 0.93984375 0.1859375 0.1203125
2 0.10390625 0.2375 0.20625 0.334375