2 0.93671875 0.24609375 0.125 0.125
2 0.35546875 0.55 0.1625 0.065625
0 0.5890625 0.03984375 0.15625 0.078125
2 0.4109375 0.3375 0.1109375 0.075
2 0.35546875 0.46640625 0.11875 0.084375
2 0.89296875 0.9421875 0.2140625 0.115625
2 0.56328125 0.053125 0.8734375 0.103125
2 0.25234375 0.0421875 0.2078125 0.084375
2 0.1375 0.64375 0.275 0.7125
2 0.8296875 0.13515625 0.20625 0.1375
2 0.39609375 0.85390625 0.778125 0.2921875
2 0.7890625 0.35234375 0.421875 0.221875
2 0.74453125 0.625 0.5109375 0.1671875
2 0.25546875 0.26015625 0.259375 0.146875