2 0.6890625 0.4375 0.103125 0.059375
2 0.89609375 0.74140625 0.1625 0.109375
2 0.84453125 0.52109375 0.11875 0.065625
2 0.75546875 0.69375 0.19375 0.1125
2 0.740625 0.54375 0.075 0.046875
2 0.7 0.79140625 0.15625 0.109375
2 0.334375 0.01640625 0.134375 0.0328125
2 0.3890625 0.7875 0.2 0.240625
2 0.4703125 0.57265625 0.125 0.078125
2 0.85546875 0.28125 0.15625 0.1125
2 0.69296875 0.37109375 0.140625 0.084375
2 0.53671875 0.12734375 0.334375 0.253125
2 0.74140625 0.04140625 0.1484375 0.0828125
2 0.978125 0.840625 0.04375 0.240625
2 0.20390625 0.21640625 0.40625 0.359375
2 0.9484375 0.4703125 0.103125 0.215625