2 0.60390625 0.97265625 0.39375 0.0546875
0 0.9703125 0.30390625 0.059375 0.065625
2 0.42578125 0.60390625 0.1109375 0.075
2 0.93671875 0.51015625 0.125 0.128125
0 0.62578125 0.29375 0.140625 0.096875
0 0.6109375 0.1875 0.140625 0.1
2 0.3703125 0.72890625 0.134375 0.084375
2 0.19296875 0.14609375 0.3109375 0.190625
0 0.56328125 0.09140625 0.1625 0.090625
2 0.58125 0.175 0.8375 0.35
2 0.2703125 0.28984375 0.1703125 0.103125
2 0.7515625 0.8875 0.496875 0.15
2 0.83671875 0.4 0.221875 0.140625
2 0.27421875 0.51875 0.2515625 0.1375
2 0.35546875 0.05859375 0.28125 0.115625
2 0.78125 0.61484375 0.4375 0.2125
2 0.1671875 0.778125 0.334375 0.4375