0 0.33359375 0.459375 0.1 0.1625
0 0.81875 0.6703125 0.128125 0.184375
0 0.52890625 0.53359375 0.1 0.1625
0 0.68359375 0.6703125 0.109375 0.184375
2 0.03125 0.6296875 0.0625 0.11875
0 0.43515625 0.478125 0.0875 0.140625
2 0.32265625 0.80390625 0.128125 0.184375
2 0.01015625 0.8703125 0.0203125 0.259375
2 0.63359375 0.440625 0.725 0.88125
2 0.06015625 0.2328125 0.1203125 0.40625
2 0.88125 0.13359375 0.2375 0.265625
2 0.225 0.21875 0.134375 0.215625
2 0.1 0.78125 0.140625 0.24375
2 0.58984375 0.73359375 0.171875 0.28125