2 0.37890625 0.21875 0.05 0.06640625
2 0.81875 0.51484375 0.0875 0.15546875
2 0.35234375 0.12578125 0.07109375 0.13359375
2 0.275 0.2703125 0.05859375 0.09609375
2 0.8078125 0.08125 0.365625 0.1625
2 0.12109375 0.12578125 0.10859375 0.178125
2 0.61875 0.240625 0.10390625 0.15546875
2 0.56875 0.0703125 0.10390625 0.140625
2 0.96015625 0.78125 0.07109375 0.1109375
2 0.85390625 0.240625 0.11640625 0.140625
2 0.40390625 0.48125 0.08359375 0.1484375
2 0.62109375 0.521875 0.20859375 0.21484375
2 0.04375 0.459375 0.0875 0.38515625
2 0.52109375 0.2 0.11640625 0.19296875
2 0.18125 0.55546875 0.1125 0.20703125
2 0.20625 0.26640625 0.07890625 0.1484375
2 0.6625 0.0109375 0.21640625 0.021875
2 0.303125 0.03671875 0.2 0.0734375
2 0.1125 0.76640625 0.225 0.46640625