2 0.359375 0.93984375 0.1109375 0.078125
0 0.5296875 0.62890625 0.15625 0.090625
0 0.321875 0.13515625 0.215625 0.1375
0 0.3109375 0.27890625 0.178125 0.1
0 0.51484375 0.52265625 0.15625 0.103125
0 0.45546875 0.425 0.15625 0.090625
2 0.1296875 0.96640625 0.259375 0.0671875
2 0.55546875 0.3484375 0.8890625 0.696875
2 0.88515625 0.10234375 0.2296875 0.203125
2 0.18515625 0.63125 0.19375 0.1125
2 0.7640625 0.92109375 0.415625 0.1578125
2 0.778125 0.73515625 0.20625 0.1375
2 0.25546875 0.36484375 0.275 0.171875
2 0.20703125 0.86015625 0.2515625 0.146875