2 0.30390625 0.99609375 0.109375 0.00625
2 0.54609375 0.9 0.1 0.2
2 0.65234375 0.72578125 0.0625 0.103125
2 0.471875 0.91796875 0.1 0.1640625
2 0.95859375 0.4921875 0.0828125 0.140625
2 0.84140625 0.71484375 0.1 0.1703125
2 0.65390625 0.90703125 0.040625 0.065625
2 0.76484375 0.89609375 0.071875 0.134375
2 0.8109375 0.94765625 0.0625 0.1046875
2 0.88828125 0.91796875 0.0828125 0.1640625
2 0.42890625 0.6109375 0.125 0.2296875
2 0.6625 0.45546875 0.190625 0.39375
2 0.29375 0.40703125 0.228125 0.325