2 0.06328125 0.65234375 0.1109375 0.1453125
0 0.9703125 0.32109375 0.059375 0.065625
2 0.38125 0.74609375 0.1109375 0.075
0 0.62578125 0.31015625 0.140625 0.0875
2 0.42578125 0.61640625 0.1109375 0.075
2 0.9296875 0.52890625 0.140625 0.134375
0 0.42578125 0.00859375 0.215625 0.015625
2 0.18515625 0.16484375 0.325 0.196875
0 0.56328125 0.10859375 0.1625 0.090625
0 0.6109375 0.20390625 0.140625 0.1
2 0.1671875 0.78828125 0.334375 0.4171875
2 0.2703125 0.30390625 0.1703125 0.1
2 0.5703125 0.18359375 0.859375 0.365625
2 0.36015625 0.0671875 0.2890625 0.134375
2 0.8484375 0.41875 0.2 0.1375
2 0.7484375 0.90625 0.503125 0.1625
2 0.2703125 0.53515625 0.259375 0.1375
2 0.78125 0.63125 0.4375 0.2125