2 0.80390625 0.6890625 0.084375 0.1484375
2 0.75 0.2890625 0.1 0.1625
2 0.25859375 0.20703125 0.075 0.134375
2 0.04609375 0.7296875 0.084375 0.1109375
2 0.20390625 0.60390625 0.084375 0.140625
2 0.07109375 0.27421875 0.140625 0.340625
2 0.34609375 0.3703125 0.05 0.103125
2 0.41640625 0.36640625 0.084375 0.140625
2 0.89375 0.18125 0.2125 0.3625
2 0.50859375 0.19296875 0.115625 0.1625
2 0.94375 0.31875 0.1125 0.19375
2 0.70625 0.51875 0.3375 0.3703125
2 0.57109375 0.821875 0.359375 0.35625
2 0.30625 0.07421875 0.2125 0.1484375