2 0.36328125 0.93984375 0.11875 0.078125
0 0.33671875 0.13515625 0.24375 0.146875
0 0.31875 0.28515625 0.178125 0.096875
0 0.54453125 0.62734375 0.140625 0.0875
0 0.46328125 0.425 0.15625 0.090625
0 0.521875 0.525 0.15625 0.109375
2 0.12578125 0.9625 0.2515625 0.075
2 0.559375 0.34609375 0.88125 0.690625
2 0.19296875 0.62890625 0.19375 0.109375
2 0.9 0.1 0.2 0.2
2 0.26640625 0.36875 0.28125 0.171875
2 0.7640625 0.92109375 0.415625 0.1578125
2 0.778125 0.73515625 0.20625 0.1375
2 0.21484375 0.86015625 0.2515625 0.146875