0 0.321875 0.13515625 0.2296875 0.1375
2 0.35546875 0.9375 0.103125 0.075
0 0.30703125 0.27734375 0.1703125 0.096875
0 0.45546875 0.425 0.15625 0.1
0 0.53671875 0.62890625 0.125 0.090625
0 0.5109375 0.52265625 0.1484375 0.096875
2 0.12578125 0.96875 0.2375 0.0625
2 0.55546875 0.3484375 0.8890625 0.696875
2 0.18515625 0.62890625 0.19375 0.109375
2 0.8890625 0.09609375 0.221875 0.190625
2 0.7484375 0.91875 0.4 0.1625
2 0.77421875 0.73359375 0.2 0.134375
2 0.25546875 0.36484375 0.275 0.171875
2 0.2 0.86015625 0.2515625 0.146875