2 0.228125 0.68359375 0.19375 0.109375
2 0.66875 0.40625 0.15 0.078125
2 0.690625 0.07265625 0.23125 0.1375
2 0.709375 0.47265625 0.10625 0.078125
2 0.271875 0.77890625 0.25625 0.125
2 0.209375 0.16640625 0.34375 0.325
2 0.91875 0.13984375 0.15 0.1125
2 0.309375 0.60859375 0.18125 0.234375
2 0.6375 0.525 0.1375 0.075
2 0.065625 0.9640625 0.11875 0.071875
2 0.215625 0.92109375 0.13125 0.0921875
2 0.1875 0.43359375 0.1125 0.059375
2 0.53125 0.675 0.1625 0.090625
2 0.071875 0.75625 0.13125 0.371875
2 0.503125 0.14140625 0.25625 0.265625
2 0.525 0.44609375 0.2375 0.415625
2 0.384375 0.9203125 0.61875 0.159375