2 0.15234375 0.459375 0.05390625 0.0890625
2 0.86875 0.73359375 0.09609375 0.11875
2 0.27265625 0.10703125 0.07109375 0.1109375
2 0.19609375 0.25546875 0.05859375 0.09609375
2 0.52734375 0.2296875 0.10390625 0.1484375
2 0.4375 0.16640625 0.125 0.2
2 0.4875 0.06328125 0.1 0.12578125
2 0.32109375 0.45546875 0.075 0.12578125
2 0.77109375 0.21484375 0.09140625 0.1484375
2 0.54609375 0.49609375 0.18359375 0.221875
2 0.7578125 0.0703125 0.484375 0.140625
2 0.13125 0.25546875 0.07890625 0.140625
2 0.04609375 0.10703125 0.09140625 0.15546875
2 0.00390625 0.42890625 0.0078125 0.3265625
2 0.07265625 0.765625 0.1453125 0.465625
2 0.22265625 0.03359375 0.1875 0.06640625