2 0.63671875 0.38359375 0.178125 0.065625
2 0.12890625 0.02265625 0.1546875 0.0453125
2 0.58125 0.59140625 0.1109375 0.075
0 0.4 0.90234375 0.1625 0.0875
2 0.640625 0.46640625 0.125 0.084375
2 0.76328125 0.90390625 0.20625 0.1
0 0.41875 0.98125 0.140625 0.0375
2 0.4296875 0.91875 0.859375 0.1625
2 0.16640625 0.79765625 0.2 0.1375
2 0.20703125 0.5828125 0.4140625 0.215625
2 0.859375 0.32109375 0.28125 0.640625
2 0.25546875 0.30859375 0.5109375 0.165625
2 0.5921875 0.11640625 0.784375 0.2328125
2 0.740625 0.67265625 0.2515625 0.146875