2 0.32578125 0.86875 0.265625 0.253125
2 0.5046875 0.9578125 0.1625 0.084375
0 0.40703125 0.44140625 0.178125 0.115625
0 0.6 0.00234375 0.134375 0.003125
0 0.3890625 0.30390625 0.184375 0.1
2 0.12265625 0.765625 0.2453125 0.465625
0 0.5296875 0.15859375 0.140625 0.084375
0 0.578125 0.0625 0.1484375 0.1
2 0.55546875 0.41640625 0.8890625 0.8328125
2 0.23359375 0.00625 0.215625 0.0125
2 0.859375 0.82265625 0.28125 0.271875
2 0.90703125 0.56015625 0.184375 0.3296875
2 0.31875 0.225 0.296875 0.184375