2 0.078125 0.9625 0.13125 0.075
2 0.665625 0.40859375 0.13125 0.075
2 0.75625 0.91015625 0.1 0.096875
2 0.225 0.68515625 0.175 0.1125
2 0.278125 0.77890625 0.25625 0.125
2 0.6375 0.65390625 0.075 0.05
2 0.690625 0.06015625 0.24375 0.1203125
2 0.7125 0.47265625 0.1125 0.078125
2 0.221875 0.1625 0.34375 0.315625
2 0.203125 0.43359375 0.10625 0.059375
2 0.659375 0.52265625 0.14375 0.078125
2 0.221875 0.925 0.13125 0.1
2 0.53125 0.675 0.1625 0.090625
2 0.315625 0.60625 0.18125 0.2375
2 0.51875 0.13984375 0.25 0.2625
2 0.534375 0.44140625 0.23125 0.415625
2 0.396875 0.9203125 0.60625 0.159375