2 0.04453125 0.19765625 0.075 0.053125
2 0.5140625 0.1296875 0.184375 0.259375
2 0.4 0.48359375 0.075 0.059375
2 0.259375 0.10390625 0.178125 0.065625
2 0.84765625 0.97734375 0.2453125 0.0453125
2 0.221875 0.2125 0.075 0.05
2 0.72578125 0.72734375 0.0890625 0.053125
2 0.4328125 0.0046875 0.096875 0.009375
2 0.03359375 0.67734375 0.065625 0.1125
2 0.2890625 0.54140625 0.19375 0.1
2 0.42578125 0.28515625 0.3484375 0.321875
2 0.140625 0.52265625 0.28125 0.271875
2 0.2296875 0.33515625 0.1484375 0.0875
2 0.09296875 0.09140625 0.15625 0.1
2 0.2515625 0.025 0.1484375 0.05
2 0.759375 0.16875 0.48125 0.3375
2 0.01875 0.00234375 0.0375 0.003125
2 0.3515625 0.8375 0.465625 0.325