2 0.6875 0.484375 0.1 0.23125
2 0.47265625 0.690625 0.096875 0.11875
2 0.29375 0.91875 0.096875 0.1375
2 0.72265625 0.290625 0.0375 0.06875
2 0.52109375 0.090625 0.075 0.15625
2 0.60859375 0.4625 0.234375 0.2
2 0.47734375 0.06875 0.096875 0.125
2 0.91875 0.5375 0.096875 0.125
2 0.96015625 0.784375 0.078125 0.24375
2 0.69375 0.71875 0.2375 0.1875
2 0.77109375 0.48125 0.115625 0.3
2 0.42890625 0.559375 0.059375 0.10625
2 0.675 0.228125 0.090625 0.16875
2 0.05625 0.09375 0.096875 0.1875
2 0.84140625 0.896875 0.084375 0.19375
2 0.14609375 0.2625 0.265625 0.2625
2 0.44375 0.228125 0.428125 0.23125
2 0.56015625 0.884375 0.471875 0.23125
2 0.15234375 0.678125 0.296875 0.64375
2 0.91875 0.353125 0.1625 0.60625