2 0.48515625 0.30859375 0.1109375 0.059375
2 0.22578125 0.45625 0.096875 0.053125
2 0.26640625 0.93125 0.178125 0.1296875
2 0.59609375 0.26015625 0.184375 0.121875
2 0.1296875 0.43359375 0.125 0.075
2 0.2515625 0.08125 0.0890625 0.053125
2 0.4890625 0.48125 0.134375 0.078125
2 0.55546875 0.91640625 0.1484375 0.109375
2 0.08125 0.64921875 0.1625 0.1078125
2 0.1296875 0.19765625 0.15625 0.1125
2 0.21484375 0.6 0.19375 0.1171875
2 0.27421875 0.69765625 0.178125 0.103125
2 0.28515625 0.35234375 0.08125 0.053125
2 0.29296875 0.2875 0.125 0.075
2 0.24765625 0.00390625 0.1546875 0.0078125
2 0.56328125 0.73515625 0.221875 0.146875
2 0.44453125 0.08359375 0.3109375 0.165625
2 0.0109375 0.75390625 0.021875 0.25
2 0.03671875 0.38046875 0.0734375 0.2046875
2 0.7703125 0.15 0.459375 0.3