2 0.484375 0.72734375 0.23125 0.121875
2 0.6875 0.97890625 0.15 0.0421875
2 0.790625 0.98515625 0.20625 0.0296875
2 0.44375 0.65234375 0.1625 0.246875
2 0.684375 0.50859375 0.11875 0.090625
2 0.2 0.71875 0.175 0.096875
2 0.090625 0.57265625 0.14375 0.071875
2 0.53125 0.9578125 0.125 0.084375
2 0.546875 0.475 0.10625 0.059375
2 0.48125 0.825 0.3 0.125
2 0.21875 0.16484375 0.2625 0.2875
2 0.70625 0.73984375 0.1875 0.2375
2 0.05 0.5125 0.1 0.084375
2 0.890625 0.88359375 0.16875 0.075
2 0.2125 0.49140625 0.25 0.409375
2 0.096875 0.07734375 0.19375 0.146875
2 0.884375 0.60234375 0.23125 0.471875
2 0.35 0.94140625 0.625 0.1171875
2 0.665625 0.175 0.66875 0.340625