2 0.86015625 0.078125 0.1125 0.15625
2 0.22265625 0.725 0.121875 0.25
2 0.475 0.359375 0.075 0.13125
2 0.0375 0.934375 0.075 0.11875
2 0.83515625 0.778125 0.321875 0.33125
2 0.38984375 0.690625 0.2375 0.19375
2 0.52734375 0.290625 0.078125 0.10625
2 0.07890625 0.784375 0.090625 0.13125
2 0.22265625 0.925 0.403125 0.1375
2 0.92890625 0.309375 0.134375 0.23125
2 0.32109375 0.465625 0.090625 0.15625
2 0.57109375 0.809375 0.059375 0.11875
2 0.85625 0.49375 0.2625 0.25
2 0.55859375 0.471875 0.409375 0.23125
2 0.0796875 0.615625 0.159375 0.60625