2 0.878125 0.9640625 0.19375 0.071875
2 0.0125 0.14140625 0.025 0.134375
2 0.828125 0.70625 0.18125 0.246875
2 0.59375 0.77734375 0.2625 0.1125
2 0.228125 0.525 0.14375 0.075
2 0.678125 0.42890625 0.11875 0.059375
2 0.325 0.67734375 0.175 0.0875
2 0.65625 0.91875 0.125 0.096875
2 0.184375 0.06875 0.23125 0.128125
2 0.16875 0.46875 0.125 0.0875
2 0.3625 0.14375 0.2625 0.271875
2 0.56875 0.60859375 0.1875 0.25
2 0.721875 0.15234375 0.54375 0.303125
2 0.340625 0.44765625 0.24375 0.4375
2 0.471875 0.9203125 0.61875 0.159375