2 0.721875 0.12265625 0.13125 0.071875
2 0.71875 0.08125 0.1375 0.0875
2 0.775 0.05859375 0.15 0.084375
2 0.678125 0.16015625 0.13125 0.078125
2 0.625 0.91640625 0.1375 0.0921875
2 0.66875 0.07890625 0.1 0.084375
2 0.975 0.39140625 0.05 0.075
2 0.8875 0.46484375 0.1 0.0625
2 0.50625 0.85625 0.2125 0.196875
2 0.36875 0.24765625 0.1625 0.096875
2 0.259375 0.81875 0.23125 0.146875
2 0.784375 0.95234375 0.13125 0.0953125
2 0.56875 0.16015625 0.1375 0.271875
2 0.821875 0.76015625 0.35625 0.478125
2 0.55625 0.5875 0.3 0.35