2 0.2109375 0.36875 0.065625 0.053125
2 0.23359375 0.84375 0.140625 0.1296875
2 0.08125 0.79296875 0.1625 0.3953125
2 0.559375 0.18125 0.215625 0.103125
2 0.51484375 0.8125 0.125 0.084375
2 0.27421875 0.26484375 0.0890625 0.071875
2 0.240625 0.6125 0.15625 0.109375
2 0.4703125 0.39609375 0.125 0.075
2 0.12578125 0.34140625 0.134375 0.065625
2 0.0703125 0.55390625 0.140625 0.1
2 0.52578125 0.60625 0.20625 0.221875
2 0.11875 0.1125 0.1484375 0.109375
2 0.2 0.5125 0.19375 0.115625
2 0.2703125 0.2 0.140625 0.075
2 0.43671875 0.04140625 0.3109375 0.0828125
2 0.7703125 0.10625 0.459375 0.2125
2 0.03359375 0.3 0.065625 0.2