2 0.36328125 0.36875 0.178125 0.071875
2 0.41484375 0.57734375 0.103125 0.078125
2 0.9296875 0.66875 0.140625 0.1375
0 0.6109375 0.8875 0.184375 0.1
2 0.36328125 0.44765625 0.11875 0.078125
0 0.58125 0.97265625 0.140625 0.0546875
2 0.57421875 0.91015625 0.8515625 0.1796875
2 0.240625 0.89765625 0.2 0.096875
2 0.13359375 0.31484375 0.265625 0.628125
2 0.8296875 0.77890625 0.20625 0.125
2 0.43359375 0.10859375 0.71875 0.215625
2 0.26328125 0.65859375 0.259375 0.140625
2 0.78125 0.56484375 0.4375 0.221875
2 0.74453125 0.29375 0.5109375 0.1625