0 0.4703125 0.37109375 0.15625 0.1
2 0.63671875 0.06015625 0.11875 0.078125
0 0.6890625 0.72265625 0.178125 0.096875
0 0.66640625 0.86484375 0.2515625 0.146875
0 0.48515625 0.47734375 0.15625 0.103125
0 0.54453125 0.57734375 0.15625 0.096875
2 0.87421875 0.03359375 0.2515625 0.065625
2 0.440625 0.65 0.88125 0.7
2 0.23671875 0.07734375 0.415625 0.153125
2 0.10390625 0.9 0.20625 0.2
2 0.22578125 0.26484375 0.2 0.1375
2 0.8109375 0.37109375 0.184375 0.1
2 0.74453125 0.63359375 0.275 0.175
2 0.79296875 0.13984375 0.2515625 0.146875