2 0.16484375 0.3109375 0.1125 0.1625
2 0.25859375 0.25546875 0.125 0.184375
2 0.41875 0.26640625 0.053125 0.075
2 0.52265625 0.31875 0.053125 0.0890625
2 0.21640625 0.11875 0.115625 0.1484375
2 0.91875 0.25546875 0.103125 0.15625
2 0.44140625 0.16640625 0.065625 0.125
2 0.39140625 0.540625 0.084375 0.1484375
2 0.96640625 0.659375 0.065625 0.1484375
2 0.59375 0.31875 0.078125 0.1484375
2 0.68125 0.1515625 0.1125 0.1703125
2 0.98125 0.1890625 0.0375 0.378125
2 0.17265625 0.621875 0.253125 0.20625
2 0.74765625 0.79609375 0.353125 0.40625
2 0.85390625 0.4515625 0.290625 0.3109375
2 0.1171875 0.0296875 0.234375 0.059375
2 0.496875 0.0515625 0.209375 0.103125