2 0.240625 0.97734375 0.059375 0.0453125
2 0.09375 0.5296875 0.078125 0.140625
2 0.40625 0.95546875 0.078125 0.0890625
2 0.75390625 0.8296875 0.484375 0.340625
2 0.325 0.86328125 0.059375 0.096875
2 0.46875 0.98125 0.078125 0.0375
2 0.9390625 0.62890625 0.121875 0.3265625
2 0.525 0.74453125 0.115625 0.2296875
2 0.16875 0.859375 0.096875 0.1625
2 0.13671875 0.97734375 0.0671875 0.0453125
2 0.00859375 0.89609375 0.015625 0.20625
2 0.06640625 0.659375 0.075 0.134375
2 0.3125 0.62578125 0.165625 0.31875
2 0.63515625 0.56328125 0.196875 0.296875