2 0.87734375 0.278125 0.07109375 0.13125
2 0.91875 0.28125 0.0875 0.1375
2 0.94140625 0.225 0.08359375 0.15
2 0.83984375 0.321875 0.07890625 0.13125
2 0.08359375 0.375 0.09140625 0.1375
2 0.92109375 0.33125 0.08359375 0.1
2 0.60859375 0.025 0.075 0.05
2 0.53515625 0.1125 0.0625 0.1
2 0.14375 0.49375 0.19609375 0.2125
2 0.75234375 0.63125 0.09609375 0.1625
2 0.18125 0.740625 0.14609375 0.23125
2 0.04765625 0.215625 0.0953125 0.13125
2 0.83984375 0.43125 0.27109375 0.1375
2 0.23984375 0.178125 0.47890625 0.35625
2 0.4125 0.44375 0.35 0.3