2 0.7 0.59140625 0.1109375 0.059375
2 0.859375 0.52109375 0.11875 0.065625
2 0.74453125 0.49375 0.08125 0.053125
2 0.9 0.3 0.15625 0.109375
2 0.70078125 0.0359375 0.1859375 0.071875
2 0.70390625 0.24765625 0.1625 0.103125
2 0.759375 0.34609375 0.215625 0.115625
2 0.48125 0.46484375 0.1484375 0.078125
2 0.4109375 0.25 0.2 0.234375
2 0.74453125 0.97265625 0.15625 0.0546875
2 0.41875 0.03984375 0.15625 0.078125
2 0.86328125 0.75390625 0.15625 0.109375
2 0.5484375 0.89140625 0.3109375 0.215625
2 0.69296875 0.66484375 0.140625 0.078125
2 0.978125 0.19375 0.04375 0.2375
2 0.20390625 0.81875 0.40625 0.346875
2 0.9515625 0.56640625 0.096875 0.209375