2 0.93984375 0.63671875 0.078125 0.11875
0 0.41875 0.54453125 0.096875 0.15625
0 0.62890625 0.46328125 0.090625 0.140625
0 0.13359375 0.66640625 0.140625 0.2375
0 0.27890625 0.69296875 0.1 0.1703125
0 0.52109375 0.4890625 0.1 0.1484375
2 0.3484375 0.440625 0.696875 0.88125
2 0.96875 0.8703125 0.0625 0.259375
2 0.10234375 0.10390625 0.203125 0.20625
2 0.62890625 0.81484375 0.109375 0.19375
2 0.92265625 0.23671875 0.153125 0.415625
2 0.73515625 0.2296875 0.1375 0.20625
2 0.36640625 0.740625 0.175 0.28125
2 0.8625 0.79296875 0.15 0.2515625