2 0.1484375 0.33984375 0.2375 0.153125
2 0.2703125 0.96875 0.24375 0.0625
0 0.3484375 0.66484375 0.1625 0.121875
0 0.49609375 0.375 0.134375 0.090625
0 0.35546875 0.52734375 0.178125 0.0875
0 0.5484375 0.28125 0.11875 0.0875
0 0.5703125 0.17890625 0.1484375 0.1
2 0.85546875 0.95390625 0.275 0.0921875
2 0.20390625 0.175 0.184375 0.090625
2 0.5515625 0.55390625 0.896875 0.884375
2 0.28515625 0.44140625 0.303125 0.190625
2 0.80390625 0.06875 0.2296875 0.1375
2 0.89609375 0.775 0.20625 0.325
2 0.2296875 0.00859375 0.2375 0.015625