2 0.778125 0.175 0.36875 0.325
2 0.484375 0.7625 0.09375 0.05
2 0.06875 0.13984375 0.1375 0.121875
2 0.91875 0.75390625 0.15 0.384375
2 0.7 0.78125 0.25 0.1125
2 0.24375 0.91015625 0.1 0.096875
2 0.275 0.47265625 0.125 0.078125
2 0.78125 0.42734375 0.0875 0.053125
2 0.284375 0.07109375 0.23125 0.134375
2 0.76875 0.92109375 0.125 0.1
2 0.440625 0.675 0.15625 0.090625
2 0.684375 0.60859375 0.18125 0.25
2 0.3375 0.52734375 0.1375 0.071875
2 0.471875 0.14375 0.25625 0.2625
2 0.453125 0.44609375 0.23125 0.434375
2 0.590625 0.91875 0.63125 0.1625