0 0.36875 0.46328125 0.096875 0.15625
2 0.06015625 0.63671875 0.078125 0.11875
0 0.86484375 0.66640625 0.1375 0.2375
0 0.72109375 0.678125 0.1 0.184375
0 0.47734375 0.48125 0.103125 0.1484375
0 0.57890625 0.54453125 0.1 0.15625
2 0.6515625 0.44765625 0.696875 0.8671875
2 0.03359375 0.8703125 0.065625 0.259375
2 0.9015625 0.10703125 0.196875 0.2140625
2 0.07890625 0.2359375 0.1578125 0.415625
2 0.37109375 0.8109375 0.109375 0.184375
2 0.2625 0.22578125 0.134375 0.2
2 0.63359375 0.740625 0.165625 0.28125
2 0.13984375 0.79296875 0.146875 0.2515625