2 0.359375 0.06015625 0.1109375 0.078125
0 0.321875 0.86484375 0.215625 0.1375
0 0.3109375 0.72265625 0.1625 0.096875
0 0.53671875 0.37109375 0.140625 0.090625
0 0.45546875 0.575 0.15625 0.090625
0 0.5109375 0.47890625 0.1484375 0.1
2 0.1296875 0.03359375 0.24375 0.065625
2 0.55546875 0.65390625 0.875 0.690625
2 0.18515625 0.36875 0.19375 0.103125
2 0.7703125 0.26484375 0.20625 0.1375
2 0.76328125 0.07734375 0.415625 0.153125
2 0.9 0.89765625 0.2 0.2046875
2 0.20703125 0.13984375 0.2515625 0.146875
2 0.25546875 0.63359375 0.275 0.165625