2 0.26484375 0.63671875 0.0625 0.1484375
2 0.56640625 0.06328125 0.13359375 0.12578125
0 0.78359375 0.378125 0.1 0.16328125
2 0.47265625 0.578125 0.07890625 0.11875
2 0.9203125 0.81015625 0.159375 0.3046875
0 0.96640625 0.4515625 0.06640625 0.1484375
0 0.8875 0.39296875 0.09140625 0.11875
2 0.34609375 0.63359375 0.08359375 0.12578125
2 0.0625 0.56640625 0.125 0.778125
2 0.78515625 0.7484375 0.09609375 0.19296875
2 0.86015625 0.41484375 0.27890625 0.8296875
2 0.66640625 0.16640625 0.15 0.21484375
2 0.45859375 0.21875 0.21640625 0.43671875
2 0.55625 0.72578125 0.1375 0.2515625
2 0.97890625 0.6515625 0.04140625 0.28125
2 0.18984375 0.240625 0.15390625 0.48125
2 0.26484375 0.85546875 0.52890625 0.2890625