2 0.73671875 0.82109375 0.08125 0.059375
2 0.7 0.1875 0.15625 0.109375
2 0.83671875 0.46484375 0.134375 0.071875
2 0.8890625 0.24375 0.1484375 0.103125
2 0.47421875 0.4125 0.134375 0.084375
2 0.68515625 0.54765625 0.096875 0.046875
2 0.7515625 0.2875 0.215625 0.125
2 0.859375 0.70234375 0.1625 0.1125
2 0.38515625 0.19140625 0.221875 0.25
2 0.6890625 0.6125 0.1484375 0.084375
2 0.84453125 0.98984375 0.3109375 0.0203125
2 0.97421875 0.1375 0.0515625 0.234375
2 0.540625 0.86484375 0.340625 0.2703125
2 0.2078125 0.76953125 0.415625 0.3546875
2 0.9515625 0.51015625 0.096875 0.2046875