2 0.7375 0.20703125 0.084375 0.1484375
2 0.75859375 0.31484375 0.059375 0.096875
2 0.9765625 0.06640625 0.046875 0.1328125
2 0.18359375 0.70390625 0.090625 0.1484375
2 0.48515625 0.18125 0.121875 0.15625
2 0.94765625 0.72578125 0.103125 0.11875
2 0.57734375 0.36328125 0.0875 0.1484375
2 0.92265625 0.31484375 0.128125 0.215625
2 0.78515625 0.60703125 0.078125 0.1484375
2 0.04609375 0.3296875 0.090625 0.184375
2 0.10234375 0.1484375 0.203125 0.296875
2 0.42265625 0.821875 0.3625 0.35625
2 0.6828125 0.06640625 0.209375 0.1328125
2 0.2875 0.49296875 0.334375 0.31875