2 0.5296875 0.25859375 0.096875 0.059375
2 0.74453125 0.87890625 0.1703125 0.134375
2 0.921875 0.81640625 0.15625 0.35
2 0.759375 0.64765625 0.1703125 0.103125
2 0.921875 0.58984375 0.15625 0.096875
2 0.80703125 0.55390625 0.221875 0.134375
2 0.878125 0.375 0.125 0.065625
2 0.521875 0.05625 0.421875 0.1125
2 0.4515625 0.64375 0.221875 0.221875
2 0.51484375 0.42734375 0.140625 0.078125
2 0.72578125 0.23515625 0.1484375 0.0875
2 0.878125 0.14609375 0.15625 0.109375
2 0.959375 0.32890625 0.08125 0.2
2 0.99296875 0.6890625 0.0140625 0.221875
2 0.22578125 0.125 0.4515625 0.25