2 0.83515625 0.3109375 0.1125 0.16328125
2 0.74140625 0.25546875 0.125 0.18515625
2 0.58125 0.26640625 0.05390625 0.07421875
2 0.47734375 0.31875 0.05390625 0.0890625
2 0.78359375 0.11875 0.11640625 0.1484375
2 0.08125 0.25546875 0.10390625 0.15546875
2 0.55859375 0.16640625 0.06640625 0.12578125
2 0.60859375 0.540625 0.08359375 0.1484375
2 0.03359375 0.659375 0.06640625 0.1484375
2 0.40625 0.31875 0.07890625 0.1484375
2 0.31875 0.1515625 0.1125 0.1703125
2 0.01875 0.1890625 0.0375 0.378125
2 0.82734375 0.621875 0.25390625 0.20703125
2 0.25234375 0.79609375 0.35390625 0.40703125
2 0.14609375 0.4515625 0.29140625 0.3109375
2 0.8828125 0.0296875 0.234375 0.059375
2 0.503125 0.0515625 0.209375 0.103125