2 0.88125 0.4484375 0.071875 0.125
2 0.41015625 0.25546875 0.071875 0.15625
2 0.4078125 0.03671875 0.084375 0.0734375
2 0.5625 0.321875 0.109375 0.2
2 0.95390625 0.18125 0.065625 0.140625
2 0.05859375 0.24453125 0.115625 0.2515625
2 0.46875 0.0484375 0.078125 0.096875
2 0.13359375 0.078125 0.065625 0.15625
2 0.19609375 0.0484375 0.05 0.096875
2 0.7625 0.01484375 0.465625 0.0296875
2 0.00859375 0.0109375 0.015625 0.021875
2 0.01640625 0.05546875 0.0328125 0.1109375
2 0.21875 0.22578125 0.1125 0.184375
1 0.5 0.6515625 1 0.696875