2 0.63359375 0.93984375 0.1109375 0.078125
0 0.45546875 0.625 0.15625 0.090625
0 0.68125 0.28125 0.178125 0.103125
0 0.53671875 0.42734375 0.15625 0.0875
0 0.6703125 0.13515625 0.2296875 0.146875
0 0.48125 0.52265625 0.1484375 0.103125
2 0.86953125 0.96484375 0.2453125 0.0703125
2 0.440625 0.3484375 0.88125 0.696875
2 0.80390625 0.62890625 0.2 0.109375
2 0.2296875 0.92109375 0.4 0.1578125
2 0.09609375 0.1 0.1921875 0.2
2 0.221875 0.73359375 0.20625 0.134375
2 0.73359375 0.36640625 0.28125 0.165625
2 0.7890625 0.86015625 0.259375 0.146875