2 0.5515625 0.65390625 0.125 0.084375
2 0.07421875 0.6125 0.1484375 0.075
2 0.06328125 0.77890625 0.1109375 0.05
2 0.23359375 0.92265625 0.1109375 0.046875
2 0.05234375 0.8796875 0.1046875 0.059375
2 0.059375 0.54765625 0.11875 0.078125
2 0.53671875 0.925 0.140625 0.084375
2 0.21875 0.69140625 0.096875 0.059375
2 0.0296875 0.81484375 0.059375 0.046875
2 0.440625 0.07265625 0.2890625 0.1375
2 0.21484375 0.85 0.1484375 0.084375
2 0.40703125 0.95234375 0.134375 0.071875
2 0.02578125 0.98984375 0.0515625 0.0203125
2 0.20703125 0.24375 0.384375 0.478125
2 0.3296875 0.50234375 0.215625 0.103125
2 0.43359375 0.70625 0.2890625 0.153125
2 0.50390625 0.38984375 0.296875 0.196875