2 0.80859375 0.121875 0.109375 0.15625
2 0.57734375 0.16640625 0.071875 0.125
2 0.49765625 0.32578125 0.071875 0.11875
2 0.8625 0.32578125 0.115625 0.178125
2 0.34140625 0.159375 0.115625 0.15625
2 0.22109375 0.27421875 0.059375 0.075
2 0.63359375 0.5484375 0.084375 0.1484375
2 0.09765625 0.26640625 0.096875 0.1625
2 0.85234375 0.64453125 0.246875 0.178125
2 0.75859375 0.259375 0.125 0.20625
2 0.43359375 0.31875 0.084375 0.1484375
2 0.03125 0.18515625 0.0625 0.3703125
2 0.89375 0.03359375 0.203125 0.065625
2 0.27890625 0.8 0.365625 0.4
2 0.16015625 0.45859375 0.3203125 0.3265625
2 0.5328125 0.0515625 0.215625 0.103125