2 0.25390625 0.3109375 0.059375 0.0890625
2 0.28359375 0.2 0.084375 0.134375
2 0.65390625 0.29609375 0.05 0.0890625
2 0.0296875 0.07421875 0.059375 0.1484375
2 0.83125 0.7 0.078125 0.125
2 0.0875 0.3109375 0.134375 0.221875
2 0.77265625 0.2890625 0.0875 0.1625
2 0.03125 0.36640625 0.0625 0.15625
2 0.36875 0.36328125 0.071875 0.103125
2 0.05859375 0.721875 0.109375 0.1109375
2 0.52890625 0.18515625 0.115625 0.1625
2 0.44140625 0.36328125 0.084375 0.1484375
2 0.23125 0.6 0.0875 0.1484375
2 0.96015625 0.3109375 0.078125 0.19375
2 0.90234375 0.159375 0.1953125 0.31875
2 0.59140625 0.8109375 0.365625 0.378125
2 0.72109375 0.48515625 0.334375 0.31875
2 0.33515625 0.0703125 0.2125 0.140625