2 0.06875 0.36328125 0.0875 0.13359375
2 0.58984375 0.80390625 0.10390625 0.2
2 0.39140625 0.59296875 0.06640625 0.11875
2 0.18984375 0.578125 0.10390625 0.16328125
2 0.14609375 0.83359375 0.075 0.259375
2 0.77265625 0.92578125 0.09609375 0.1484375
2 0.50625 0.78125 0.10390625 0.21484375
2 0.22734375 0.8296875 0.07109375 0.13359375
2 0.8203125 0.5328125 0.359375 0.415625
2 0.00859375 0.840625 0.01640625 0.15546875
2 0.62265625 0.49296875 0.12109375 0.2296875
2 0.25 0.94453125 0.15859375 0.1109375
2 0.05859375 0.9515625 0.11640625 0.09609375
2 0.75390625 0.278125 0.25 0.31875
2 0.37265625 0.33359375 0.20390625 0.3703125