2 0.52265625 0.3296875 0.078125 0.1109375
2 0.25234375 0.27421875 0.053125 0.075
2 0.89375 0.3296875 0.1125 0.1703125
2 0.6375 0.278125 0.065625 0.08125
2 0.83984375 0.13671875 0.121875 0.1703125
2 0.9375 0.6484375 0.115625 0.2296875
2 0.87890625 0.66328125 0.215625 0.1703125
2 0.07734375 0.66328125 0.096875 0.15625
2 0.60859375 0.18125 0.065625 0.125
2 0.13359375 0.27421875 0.1 0.178125
2 0.6625 0.5515625 0.084375 0.140625
2 0.46015625 0.33359375 0.078125 0.1484375
2 0.79375 0.26328125 0.128125 0.215625
2 0.37109375 0.159375 0.109375 0.15625
2 0.04375 0.21484375 0.0875 0.4296875
2 0.17890625 0.46328125 0.334375 0.31875
2 0.9140625 0.03671875 0.171875 0.0734375
2 0.30859375 0.8 0.359375 0.4
2 0.5625 0.05546875 0.209375 0.1109375