2 0.90390625 0.5875 0.1484375 0.075
2 0.72578125 0.55390625 0.178125 0.1
2 0.99609375 0.22265625 0.00625 0.053125
2 0.98515625 0.38984375 0.0296875 0.078125
2 0.978125 0.453125 0.04375 0.075
2 0.778125 0.4 0.11875 0.065625
2 0.578125 0.96640625 0.340625 0.0671875
2 0.94453125 0.12109375 0.1109375 0.059375
2 0.53359375 0.71484375 0.325 0.2125
2 0.8703125 0.93359375 0.125 0.059375
2 0.978125 0.18671875 0.04375 0.0421875
2 0.821875 0.20625 0.178125 0.1125
2 0.96328125 0.01015625 0.0734375 0.0203125
2 0.79609375 0.05234375 0.275 0.103125
1 0.34453125 0.5 0.6890625 1