2 0.52734375 0.06328125 0.10390625 0.12578125
2 0.34140625 0.20390625 0.05 0.06640625
2 0.50859375 0.2 0.14140625 0.19296875
2 0.31875 0.1109375 0.07109375 0.11875
2 0.58125 0.23359375 0.09609375 0.15546875
2 0.78515625 0.07421875 0.42109375 0.1484375
2 0.78359375 0.49609375 0.09140625 0.1484375
2 0.23984375 0.26328125 0.0625 0.08125
2 0.36875 0.47421875 0.07890625 0.13359375
2 0.08515625 0.1109375 0.1125 0.16328125
2 0.17109375 0.259375 0.075 0.13359375
2 0.57734375 0.5109375 0.22109375 0.221875
2 0.02734375 0.459375 0.05390625 0.38515625
2 0.26796875 0.03671875 0.2046875 0.0734375
2 0.625 0.00390625 0.21640625 0.00703125
2 0.09609375 0.7703125 0.19140625 0.459375