2 0.63671875 0.93984375 0.11875 0.078125
0 0.46328125 0.62890625 0.15625 0.090625
0 0.66640625 0.13359375 0.2515625 0.140625
0 0.68515625 0.27734375 0.1703125 0.096875
0 0.48515625 0.52265625 0.15625 0.103125
0 0.54453125 0.42109375 0.15625 0.1
2 0.8703125 0.96640625 0.259375 0.0671875
2 0.44765625 0.3484375 0.8671875 0.696875
2 0.10703125 0.103125 0.2140625 0.203125
2 0.81484375 0.63125 0.19375 0.1125
2 0.2328125 0.92109375 0.40625 0.1578125
2 0.22578125 0.73359375 0.2 0.134375
2 0.79296875 0.8625 0.2515625 0.15
2 0.74453125 0.36640625 0.275 0.165625