2 0.93671875 0.33515625 0.1109375 0.153125
0 0.0296875 0.6625 0.059375 0.065625
2 0.62578125 0.2375 0.125 0.075
2 0.57421875 0.3625 0.1109375 0.075
0 0.3703125 0.67265625 0.1484375 0.096875
0 0.3890625 0.77890625 0.140625 0.1
0 0.5734375 0.9828125 0.215625 0.034375
2 0.80390625 0.82109375 0.31875 0.1921875
2 0.8296875 0.20234375 0.325 0.396875
2 0.0703125 0.45859375 0.140625 0.134375
0 0.43359375 0.875 0.15625 0.0921875
2 0.42578125 0.80390625 0.8515625 0.3921875
2 0.72578125 0.67890625 0.178125 0.1
2 0.1515625 0.56484375 0.215625 0.1375
2 0.72578125 0.45 0.2515625 0.140625
2 0.24453125 0.08125 0.4890625 0.153125
2 0.63984375 0.9265625 0.2890625 0.146875
2 0.21875 0.35234375 0.4375 0.2125