2 0.54453125 0.65 0.125 0.084375
2 0.059375 0.77734375 0.11875 0.0546875
2 0.0703125 0.61015625 0.140625 0.078125
2 0.059375 0.54609375 0.11875 0.075
2 0.21484375 0.68984375 0.0890625 0.053125
2 0.23359375 0.92109375 0.1109375 0.0421875
2 0.53359375 0.92265625 0.1484375 0.0875
2 0.0484375 0.87890625 0.096875 0.059375
2 0.0296875 0.8125 0.059375 0.0421875
2 0.20703125 0.85 0.1484375 0.084375
2 0.2 0.24609375 0.384375 0.484375
2 0.321875 0.50234375 0.215625 0.103125
2 0.40390625 0.95234375 0.125 0.071875
2 0.44453125 0.07265625 0.28125 0.1375
2 0.02265625 0.98984375 0.0453125 0.0203125
2 0.42578125 0.70390625 0.2890625 0.15
2 0.5 0.38515625 0.2890625 0.196875