2 0.82265625 0.7 0.0875 0.125
2 0.0234375 0.3921875 0.046875 0.134375
2 0.64375 0.3 0.053125 0.08125
2 0.77265625 0.29296875 0.103125 0.15625
2 0.27734375 0.2 0.078125 0.134375
2 0.025 0.0890625 0.05 0.178125
2 0.05390625 0.71484375 0.1 0.140625
2 0.07734375 0.278125 0.146875 0.31875
2 0.52265625 0.18125 0.1125 0.15625
2 0.22265625 0.60390625 0.0875 0.15625
2 0.43125 0.36328125 0.078125 0.1484375
2 0.95859375 0.31875 0.0828125 0.178125
2 0.584375 0.81796875 0.359375 0.3640625
2 0.90234375 0.2109375 0.1953125 0.421875
2 0.71640625 0.4890625 0.340625 0.3109375
2 0.32578125 0.06640625 0.2171875 0.1328125