2 0.71796875 0.9640625 0.2359375 0.071875
0 0.64453125 0.65390625 0.1625 0.125
0 0.6484375 0.51640625 0.1703125 0.084375
0 0.42578125 0.16875 0.15625 0.0875
0 0.5 0.37265625 0.15625 0.096875
0 0.45546875 0.26875 0.140625 0.096875
2 0.1515625 0.946875 0.303125 0.103125
2 0.44453125 0.5453125 0.8890625 0.909375
2 0.765625 0.00390625 0.24375 0.0078125
2 0.79296875 0.16875 0.178125 0.096875
2 0.70703125 0.42734375 0.303125 0.1875
2 0.18828125 0.06015625 0.1859375 0.1203125
2 0.10390625 0.7625 0.20625 0.334375