2 0.0296875 0.8140625 0.059375 0.2375
2 0.6625 0.63671875 0.065625 0.1625
2 0.0046875 0.01796875 0.009375 0.0359375
2 0.3625 0.05546875 0.134375 0.1109375
2 0.45234375 0.5890625 0.078125 0.1109375
0 0.14609375 0.3890625 0.090625 0.15625
0 0.04375 0.41484375 0.0875 0.1484375
2 0.58125 0.63671875 0.0875 0.11875
2 0.10625 0.4296875 0.2125 0.859375
2 0.14765625 0.759375 0.121875 0.2296875
2 0.25625 0.1703125 0.128125 0.20625
2 0.73828125 0.2515625 0.1671875 0.503125
2 0.46640625 0.21484375 0.225 0.4296875
2 0.90390625 0.58125 0.190625 0.7625
2 0.69609375 0.8625 0.6078125 0.275
2 0.37109375 0.73671875 0.140625 0.259375