2 0.14375 0.26328125 0.053125 0.065625
2 0.26484375 0.13671875 0.1125 0.15625
2 0.9640625 0.61015625 0.071875 0.1859375
2 0.49765625 0.14453125 0.071875 0.1109375
2 0.00859375 0.6515625 0.015625 0.134375
2 0.775 0.29609375 0.115625 0.1625
2 0.67734375 0.23359375 0.121875 0.184375
2 0.72265625 0.10703125 0.103125 0.15625
2 0.41875 0.3109375 0.053125 0.11875
2 0.0375 0.25546875 0.075 0.15625
2 0.55390625 0.52578125 0.084375 0.134375
2 0.35390625 0.30390625 0.084375 0.134375
2 0.77109375 0.6 0.240625 0.221875
2 0.19296875 0.7921875 0.3546875 0.415625
2 0.82265625 0.02578125 0.2375 0.0515625
2 0.11875 0.4484375 0.2375 0.31875
2 0.45 0.04453125 0.2 0.0890625