2 0.15625 0.771875 0.2875 0.26875
2 0.14140625 0.075 0.11640625 0.15
2 0.9125 0.253125 0.09140625 0.09375
2 0.6875 0.728125 0.10859375 0.23125
2 0.78125 0.728125 0.12109375 0.25625
2 0.07109375 0.315625 0.13359375 0.24375
2 0.47265625 0.30625 0.07890625 0.1
2 0.52734375 0.3625 0.07890625 0.1375
2 0.9625 0.934375 0.075 0.11875
2 0.92265625 0.7875 0.09609375 0.125
2 0.67734375 0.471875 0.0875 0.15625
2 0.43515625 0.8125 0.0625 0.1125
2 0.75 0.928125 0.35 0.13125
2 0.14140625 0.496875 0.26640625 0.25625
2 0.44375 0.475 0.4125 0.2375
2 0.5125 0.003125 0.975 0.00625
2 0.9203125 0.615625 0.159375 0.61875