2 0.06328125 0.28359375 0.125 0.125
2 0.640625 0.58515625 0.1703125 0.0625
2 0.58515625 0.375 0.103125 0.075
2 0.13359375 0.9625 0.1625 0.075
0 0.4 0.06484375 0.178125 0.103125
2 0.640625 0.50390625 0.125 0.084375
0 0.42109375 0.0046875 0.1484375 0.009375
2 0.440625 0.0671875 0.88125 0.134375
2 0.58515625 0.86640625 0.75625 0.2671875
2 0.7484375 0.0625 0.19375 0.1
2 0.26328125 0.66015625 0.525 0.1625
2 0.16640625 0.16640625 0.215625 0.134375
2 0.859375 0.6625 0.28125 0.675
2 0.21484375 0.38515625 0.4296875 0.2125
2 0.740625 0.29609375 0.2515625 0.140625