2 0.36328125 0.06015625 0.11875 0.078125
0 0.53359375 0.37265625 0.1484375 0.096875
0 0.33359375 0.86484375 0.2515625 0.1375
0 0.31875 0.72109375 0.178125 0.1
0 0.5109375 0.47734375 0.1484375 0.103125
0 0.45546875 0.57734375 0.15625 0.096875
2 0.55546875 0.65390625 0.875 0.690625
2 0.13359375 0.0375 0.265625 0.075
2 0.19296875 0.37109375 0.19375 0.109375
2 0.9 0.89765625 0.2 0.2046875
2 0.7640625 0.07890625 0.415625 0.1578125
2 0.77421875 0.26640625 0.215625 0.134375
2 0.26328125 0.63125 0.275 0.171875
2 0.20703125 0.13984375 0.2515625 0.146875