2 0.13515625 0.01875 0.12109375 0.03671875
2 0.10859375 0.82578125 0.15859375 0.27421875
2 0.9515625 0.48515625 0.096875 0.1703125
0 0.42734375 0.59609375 0.1125 0.15546875
0 0.3 0.621875 0.08359375 0.1484375
2 0.85625 0.678125 0.2875 0.27421875
0 0.05625 0.41484375 0.09609375 0.1484375
0 0.14609375 0.48125 0.08359375 0.1484375
2 0.42265625 0.43671875 0.8453125 0.8734375
2 0.7625 0.88515625 0.475 0.2296875
2 0.80625 0.14453125 0.27890625 0.2890625
2 0.5453125 0.09609375 0.334375 0.1921875
2 0.2125 0.67421875 0.18359375 0.29609375