2 0.06015625 0.63359375 0.078125 0.1109375
0 0.375 0.45546875 0.090625 0.15625
0 0.71875 0.68125 0.103125 0.178125
0 0.57265625 0.53671875 0.0875 0.15625
0 0.86484375 0.6703125 0.146875 0.2296875
0 0.47734375 0.48125 0.103125 0.1484375
2 0.03515625 0.86953125 0.0703125 0.2453125
2 0.6515625 0.440625 0.696875 0.88125
2 0.37109375 0.80390625 0.109375 0.2
2 0.07890625 0.2296875 0.1578125 0.4
2 0.9 0.09609375 0.2 0.1921875
2 0.26640625 0.221875 0.134375 0.20625
2 0.63359375 0.73359375 0.165625 0.28125
2 0.13984375 0.7890625 0.146875 0.259375