2 0.11484375 0.725 0.125 0.0671875
2 0.45546875 0.66640625 0.125 0.075
2 0.25546875 0.82109375 0.125 0.109375
2 0.059375 0.51015625 0.11875 0.096875
2 0.23359375 0.45390625 0.15625 0.109375
2 0.56328125 0.88125 0.221875 0.103125
2 0.0703125 0.2359375 0.140625 0.471875
2 0.16328125 0.55234375 0.221875 0.1125
2 0.25546875 0.86484375 0.125 0.071875
2 0.50390625 0.46015625 0.221875 0.2125
2 0.10390625 0.95 0.1484375 0.1
2 0.4328125 0.98984375 0.31875 0.0203125
2 0.0296875 0.76640625 0.059375 0.2
2 0.76640625 0.92265625 0.465625 0.1546875