2 0.075 0.56328125 0.125 0.2375
2 0.31015625 0.60703125 0.1625 0.103125
2 0.52734375 0.24453125 0.053125 0.0890625
2 0.55390625 0.13671875 0.065625 0.1109375
2 0.28125 0.27421875 0.1125 0.178125
2 0.38515625 0.2109375 0.1125 0.184375
2 0.0484375 0.27734375 0.096875 0.1703125
2 0.5 0.5 0.075 0.125
2 0.25 0.56328125 0.159375 0.221875
2 0.99140625 0.2515625 0.015625 0.1625
2 0.69765625 0.3 0.078125 0.140625
2 0.7875 0.13359375 0.109375 0.1484375
2 0.90625 0.44453125 0.1875 0.3109375
2 0.6 0.04453125 0.2 0.0890625
2 0.23203125 0.021875 0.2453125 0.04375
2 0.8375 0.78515625 0.325 0.4296875