0 0.75234375 0.62578125 0.0625 0.15625
2 0.45625 0.02578125 0.128125 0.0515625
2 0.54375 0.578125 0.078125 0.11875
2 0.95 0.559375 0.1 0.821875
0 0.23515625 0.37421875 0.0875 0.140625
0 0.12890625 0.4 0.090625 0.134375
2 0.67109375 0.62578125 0.084375 0.125
2 0.08984375 0.80390625 0.178125 0.2890625
0 0.0375 0.4515625 0.075 0.134375
2 0.23125 0.74453125 0.103125 0.2
2 0.1546875 0.421875 0.309375 0.84375
2 0.0296875 0.64765625 0.059375 0.3046875
2 0.33984375 0.1484375 0.128125 0.19375
2 0.73984375 0.84453125 0.5203125 0.3109375
2 0.55390625 0.2 0.215625 0.4
2 0.82890625 0.23359375 0.15 0.465625
2 0.46015625 0.72578125 0.146875 0.2515625