2 0.67421875 0.20625 0.075 0.053125
2 0.83671875 0.03359375 0.1625 0.059375
2 0.68515625 0.60234375 0.08125 0.0625
2 0.98515625 0.63359375 0.0296875 0.1
2 0.78515625 0.2375 0.134375 0.075
2 0.2484375 0.03359375 0.096875 0.065625
2 0.6296875 0.32109375 0.103125 0.059375
2 0.70390625 0.72734375 0.1484375 0.096875
2 0.39296875 0.18125 0.134375 0.078125
2 0.6296875 0.39140625 0.1484375 0.084375
2 0.81484375 0.88359375 0.3703125 0.2328125
2 0.678125 0.93359375 0.184375 0.109375
2 0.67421875 0.05625 0.221875 0.103125
2 0.80703125 0.48515625 0.1625 0.121875
2 0.47421875 0.68125 0.3703125 0.3375
2 0.178125 0.55 0.35625 0.359375
2 0.9296875 0.28515625 0.140625 0.2125