2 0.41484375 0.078125 0.071875 0.140625
2 0.48515625 0.5 0.053125 0.065625
2 0.6125 0.0109375 0.075 0.021875
2 0.60390625 0.21875 0.059375 0.1109375
2 0.44609375 0.26328125 0.1 0.184375
2 0.87890625 0.05546875 0.059375 0.1109375
2 0.5484375 0.021875 0.078125 0.04375
2 0.07109375 0.11484375 0.059375 0.125
2 0.03359375 0.39296875 0.065625 0.340625
2 0.815625 0.021875 0.046875 0.04375
2 0.28984375 0.46640625 0.2125 0.340625
2 0.98984375 0.0328125 0.0203125 0.065625
2 0.79375 0.17421875 0.103125 0.184375
2 0.94765625 0.20390625 0.103125 0.2890625
1 0.5 0.6515625 1 0.696875