0 0.678125 0.2875 0.15625 0.090625
0 0.678125 0.15 0.184375 0.134375
0 0.459375 0.63984375 0.11875 0.078125
2 0.63359375 0.95625 0.1109375 0.0796875
0 0.478125 0.53359375 0.140625 0.1
0 0.53359375 0.4375 0.1484375 0.084375
2 0.87421875 0.98359375 0.2515625 0.0328125
2 0.44453125 0.35859375 0.8890625 0.715625
2 0.8109375 0.63984375 0.184375 0.103125
2 0.11875 0.1 0.2375 0.2
2 0.20703125 0.74765625 0.19375 0.121875
2 0.78515625 0.87265625 0.2515625 0.146875
2 0.24375 0.92734375 0.44375 0.1453125
2 0.73671875 0.38125 0.275 0.171875