2 0.96484375 0.3109375 0.0625 0.16328125
2 0.4125 0.3109375 0.05859375 0.11875
2 0.67109375 0.2515625 0.125 0.19296875
2 0.76015625 0.29296875 0.1125 0.15546875
2 0.71875 0.1 0.10390625 0.15546875
2 0.48984375 0.1515625 0.0625 0.1109375
2 0.00390625 0.65859375 0.0078125 0.1484375
2 0.75625 0.60390625 0.22890625 0.1703125
2 0.9640625 0.5953125 0.071875 0.125
2 0.54375 0.51875 0.07890625 0.13359375
2 0.03359375 0.26328125 0.06640625 0.15546875
2 0.34375 0.3109375 0.0875 0.1484375
2 0.25625 0.14453125 0.1125 0.15546875
2 0.11484375 0.4515625 0.22890625 0.3109375
2 0.81640625 0.01875 0.24140625 0.03671875
2 0.184375 0.7921875 0.346875 0.415625
2 0.43984375 0.04453125 0.20390625 0.0890625