2 0.53125 0.63359375 0.071875 0.1703125
2 0.2296875 0.06640625 0.134375 0.1328125
2 0.32109375 0.5890625 0.084375 0.1109375
2 0.45 0.63671875 0.084375 0.11875
0 0.03125 0.39609375 0.0625 0.140625
2 0.02734375 0.7515625 0.053125 0.184375
2 0.9359375 0.10703125 0.128125 0.2140625
2 0.0421875 0.44765625 0.084375 0.8953125
2 0.63359375 0.8515625 0.715625 0.28125
2 0.11875 0.1703125 0.121875 0.20625
2 0.60625 0.2515625 0.1625 0.503125
2 0.33515625 0.21875 0.228125 0.4375
2 0.24140625 0.74453125 0.140625 0.259375
2 0.84609375 0.5953125 0.3078125 0.778125