2 0.57109375 0.86640625 0.08359375 0.13359375
2 0.5375 0.54453125 0.10859375 0.18515625
2 0.62109375 0.58125 0.10859375 0.18515625
2 0.1875 0.378125 0.11640625 0.19296875
2 0.925 0.97421875 0.15 0.0515625
2 0.71484375 0.940625 0.50390625 0.11875
2 0.11875 0.9109375 0.22890625 0.178125
2 0.63359375 0.29609375 0.125 0.20703125
2 0.8328125 0.29609375 0.334375 0.4296875
2 0.06640625 0.82578125 0.1328125 0.3484375
2 0.27265625 0.778125 0.17890625 0.32578125
2 0.37890625 0.159375 0.20859375 0.30390625
2 0.77734375 0.1109375 0.2625 0.20703125