2 0.06015625 0.63671875 0.07890625 0.11875
0 0.37109375 0.459375 0.09140625 0.1484375
0 0.8625 0.66640625 0.14140625 0.23671875
0 0.72109375 0.68125 0.1 0.178125
0 0.475 0.48515625 0.10859375 0.15546875
0 0.57890625 0.54453125 0.1 0.15546875
2 0.03515625 0.8703125 0.0703125 0.259375
2 0.65390625 0.440625 0.69140625 0.88125
2 0.07890625 0.2359375 0.1578125 0.415625
2 0.37109375 0.8109375 0.10859375 0.2
2 0.89765625 0.1 0.20390625 0.2
2 0.26484375 0.22578125 0.1375 0.21484375
2 0.63125 0.740625 0.17109375 0.28125
2 0.13984375 0.79296875 0.14609375 0.2515625