2 0.93671875 0.71640625 0.125 0.125
2 0.359375 0.41484375 0.1703125 0.0625
2 0.41484375 0.625 0.103125 0.075
2 0.86640625 0.0375 0.1625 0.075
0 0.6 0.93515625 0.178125 0.103125
2 0.359375 0.49609375 0.125 0.084375
0 0.57890625 0.9953125 0.1484375 0.009375
2 0.559375 0.9328125 0.88125 0.134375
2 0.41484375 0.13359375 0.75625 0.265625
2 0.2515625 0.9375 0.19375 0.1
2 0.73671875 0.33984375 0.525 0.1625
2 0.83359375 0.83359375 0.215625 0.134375
2 0.140625 0.3375 0.28125 0.675
2 0.78515625 0.61484375 0.4296875 0.2125
2 0.259375 0.70390625 0.2515625 0.1421875