2 0.52265625 0.040625 0.1125 0.08125
2 0.06484375 0.9296875 0.121875 0.140625
0 0.36640625 0.66640625 0.084375 0.1484375
0 0.2375 0.659375 0.125 0.178125
2 0.99609375 0.6140625 0.0078125 0.11875
0 0.71875 0.440625 0.103125 0.184375
2 0.71015625 0.80390625 0.096875 0.184375
0 0.6125 0.46328125 0.1 0.140625
0 0.51875 0.51875 0.0875 0.134375
2 0.396875 0.4515625 0.790625 0.903125
2 0.14375 0.1296875 0.2875 0.259375
2 0.81875 0.2109375 0.128125 0.215625
2 0.45234375 0.72578125 0.178125 0.28125
2 0.93984375 0.78046875 0.1203125 0.2453125
2 0.96484375 0.225 0.0703125 0.421875