0 0.65390625 0.66328125 0.090625 0.184375
0 0.79609375 0.66640625 0.140625 0.19375
2 0.01640625 0.625 0.0328125 0.125
0 0.30390625 0.4515625 0.1 0.1625
0 0.50234375 0.5296875 0.096875 0.15625
0 0.40859375 0.47421875 0.1 0.1484375
2 0.30234375 0.8 0.103125 0.221875
2 0.86640625 0.12578125 0.265625 0.2515625
2 0.61640625 0.440625 0.759375 0.88125
2 0.00390625 0.865625 0.0078125 0.265625
2 0.56875 0.73359375 0.178125 0.28125
2 0.19609375 0.21875 0.134375 0.215625
2 0.07109375 0.78125 0.134375 0.24375
2 0.04609375 0.2296875 0.090625 0.4296875