2 0.278125 0.12265625 0.13125 0.071875
2 0.28125 0.08125 0.1375 0.0875
2 0.225 0.05859375 0.15 0.084375
2 0.321875 0.16015625 0.13125 0.078125
2 0.375 0.91640625 0.1375 0.0921875
2 0.33125 0.07890625 0.1 0.084375
2 0.025 0.39140625 0.05 0.075
2 0.1125 0.46484375 0.1 0.0625
2 0.49375 0.85625 0.2125 0.196875
2 0.63125 0.24765625 0.1625 0.096875
2 0.740625 0.81875 0.23125 0.146875
2 0.215625 0.95234375 0.13125 0.0953125
2 0.43125 0.16015625 0.1375 0.271875
2 0.178125 0.76015625 0.35625 0.478125
2 0.44375 0.5875 0.3 0.35