2 0.96328125 0.41171875 0.0734375 0.1171875
0 0.3484375 0.69609375 0.1484375 0.115625
2 0.8453125 0.9703125 0.20625 0.059375
0 0.54453125 0.32265625 0.1109375 0.0875
0 0.478125 0.41015625 0.125 0.078125
0 0.340625 0.5625 0.1625 0.1
0 0.5703125 0.2125 0.1625 0.1
2 0.2109375 0.2125 0.2 0.115625
2 0.56328125 0.5765625 0.8734375 0.846875
2 0.28125 0.47890625 0.296875 0.184375
2 0.80390625 0.1125 0.215625 0.134375
2 0.88125 0.81640625 0.2375 0.325
2 0.7703125 0.00234375 0.44375 0.003125
2 0.22578125 0.02734375 0.24375 0.053125