2 0.36328125 0.93984375 0.11875 0.078125
0 0.30703125 0.27734375 0.15625 0.096875
0 0.33359375 0.13515625 0.2375 0.146875
0 0.540625 0.62734375 0.1484375 0.0875
0 0.51484375 0.525 0.15625 0.109375
0 0.459375 0.42265625 0.1484375 0.096875
2 0.1296875 0.9625 0.259375 0.075
2 0.559375 0.34609375 0.88125 0.690625
2 0.9 0.10234375 0.2 0.203125
2 0.19296875 0.62890625 0.19375 0.109375
2 0.7640625 0.92109375 0.415625 0.1578125
2 0.77421875 0.73359375 0.215625 0.134375
2 0.26328125 0.36640625 0.275 0.165625
2 0.20703125 0.86015625 0.2515625 0.146875