2 0.58515625 0.56875 0.11875 0.078125
2 0.63671875 0.35390625 0.178125 0.065625
2 0.0703125 0.6625 0.140625 0.134375
0 0.39296875 0.87734375 0.1484375 0.0875
0 0.421875 0.96875 0.1484375 0.0625
2 0.63671875 0.44140625 0.11875 0.084375
2 0.7515625 0.88125 0.184375 0.103125
2 0.421875 0.903125 0.84375 0.190625
2 0.17421875 0.77265625 0.215625 0.1375
2 0.21484375 0.56015625 0.4296875 0.2125
2 0.259375 0.27890625 0.51875 0.165625
2 0.578125 0.10234375 0.740625 0.203125
2 0.73671875 0.65 0.24375 0.140625
2 0.8625 0.3125 0.275 0.625