2 0.178125 0.82265625 0.075 0.046875
2 0.1890625 0.37109375 0.15625 0.115625
2 0.2109375 0.58984375 0.15625 0.1046875
2 0.68515625 0.2625 0.1109375 0.084375
2 0.24453125 0.91875 0.103125 0.053125
2 0.08515625 0.84140625 0.125 0.065625
2 0.43671875 0.96015625 0.103125 0.0625
2 0.15546875 0.68515625 0.178125 0.1125
2 0.0484375 0.63359375 0.096875 0.1
2 0.8515625 0.36875 0.0890625 0.078125
2 0.4703125 0.5875 0.184375 0.209375
2 0.43359375 0.79375 0.125 0.071875
2 0.2484375 0.97265625 0.140625 0.0546875
2 0.06328125 0.29765625 0.125 0.5875
2 0.5890625 0.0875 0.5109375 0.175
2 0.759375 0.9875 0.48125 0.025
2 0.01484375 0.8875 0.0296875 0.2