2 0.3875 0.18515625 0.115625 0.1484375
2 0.9875 0.51484375 0.025 0.184375
2 0.02109375 0.178125 0.040625 0.1484375
2 0.83984375 0.17421875 0.046875 0.065625
2 0.27890625 0.67421875 0.065625 0.103125
2 0.77890625 0.33671875 0.259375 0.334375
2 0.60859375 0.2 0.1 0.1484375
2 0.8625 0.08515625 0.065625 0.125
2 0.97734375 0.4328125 0.0453125 0.096875
2 0.8125 0.421875 0.065625 0.11875
2 0.6546875 0.0515625 0.109375 0.103125
2 0.70234375 0.1484375 0.1125 0.178125
2 0.39140625 0.840625 0.075 0.08125
2 0.93984375 0.240625 0.053125 0.08125
2 0.61640625 0.49296875 0.2 0.125
2 0.31484375 0.059375 0.596875 0.11875
2 0.98515625 0.2515625 0.028125 0.1484375
2 0.0984375 0.584375 0.196875 0.51875
2 0.99609375 0.759375 0.0078125 0.48125
2 0.90390625 0.01875 0.190625 0.0375