0 0.640625 0.5625 0.1703125 0.075
2 0.63671875 0.56484375 0.1625 0.071875
2 0.07421875 0.25859375 0.1484375 0.125
2 0.59296875 0.35234375 0.11875 0.078125
0 0.39921875 0.0484375 0.1328125 0.096875
2 0.640625 0.47734375 0.125 0.078125
2 0.11015625 0.95234375 0.2078125 0.0953125
2 0.44453125 0.0609375 0.8890625 0.121875
2 0.765625 0.0421875 0.215625 0.084375
2 0.5921875 0.85859375 0.784375 0.2828125
2 0.87421875 0.65234375 0.2515625 0.6953125
2 0.16640625 0.14375 0.2 0.128125
2 0.74453125 0.27109375 0.259375 0.140625
2 0.2109375 0.36640625 0.421875 0.215625
2 0.25546875 0.6375 0.5109375 0.1671875