2 0.23359375 0.63671875 0.065625 0.1484375
2 0.9015625 0.82109375 0.196875 0.3109375
2 0.03984375 0.8484375 0.078125 0.184375
2 0.31484375 0.6296875 0.078125 0.134375
2 0.5375 0.07421875 0.134375 0.1484375
2 0.44375 0.57421875 0.078125 0.1109375
0 0.75 0.378125 0.1 0.1625
2 0.04375 0.459375 0.0875 0.59375
0 0.95390625 0.44453125 0.090625 0.1625
0 0.85859375 0.39296875 0.1 0.1484375
2 0.76015625 0.73671875 0.103125 0.184375
2 0.84140625 0.41875 0.315625 0.8375
2 0.25 0.840625 0.484375 0.31875
2 0.64375 0.159375 0.128125 0.2
2 0.52734375 0.72578125 0.1375 0.2515625
2 0.9640625 0.64765625 0.071875 0.2890625
2 0.15859375 0.23359375 0.15 0.465625
2 0.43125 0.21484375 0.2125 0.4296875