2 0.63359375 0.67890625 0.125 0.059375
2 0.84140625 0.9640625 0.1703125 0.071875
2 0.78515625 0.76015625 0.134375 0.071875
2 0.2484375 0.96640625 0.096875 0.0671875
2 0.39296875 0.81875 0.134375 0.078125
2 0.98515625 0.36640625 0.0296875 0.090625
2 0.68125 0.06875 0.178125 0.103125
2 0.70390625 0.27265625 0.1484375 0.0875
2 0.68125 0.94140625 0.221875 0.1171875
2 0.79296875 0.11640625 0.4140625 0.2328125
2 0.6296875 0.60859375 0.1484375 0.090625
2 0.8109375 0.5125 0.15625 0.115625
2 0.178125 0.45 0.35625 0.35
2 0.49609375 0.31640625 0.325 0.340625
2 0.9296875 0.71484375 0.140625 0.2125