0 0.634375 0.021875 0.0625 0.04375
0 0.13125 0.6296875 0.071875 0.1625
2 0.79609375 0.8 0.190625 0.3109375
2 0.2125 0.62578125 0.084375 0.125
2 0.3375 0.57421875 0.075 0.1109375
0 0.65 0.37421875 0.090625 0.15625
0 0.96875 0.56640625 0.0625 0.2
2 0.42890625 0.0703125 0.134375 0.140625
0 0.75390625 0.38515625 0.090625 0.134375
0 0.84609375 0.43359375 0.090625 0.15625
2 0.18359375 0.83671875 0.365625 0.325
2 0.65234375 0.72578125 0.096875 0.1625
2 0.7953125 0.41796875 0.409375 0.8359375
2 0.06640625 0.259375 0.1328125 0.51875
2 0.53515625 0.1484375 0.1375 0.20625
2 0.42265625 0.721875 0.1375 0.24375
2 0.9125 0.63671875 0.175 0.296875
2 0.325 0.21484375 0.209375 0.4296875