0 0.4703125 0.62890625 0.15625 0.1
2 0.63671875 0.93984375 0.11875 0.078125
0 0.68515625 0.27890625 0.184375 0.1
0 0.66640625 0.13515625 0.2515625 0.146875
0 0.48515625 0.52265625 0.15625 0.103125
0 0.54453125 0.42265625 0.15625 0.096875
2 0.8703125 0.96640625 0.259375 0.0671875
2 0.44453125 0.34609375 0.8890625 0.690625
2 0.81484375 0.62890625 0.19375 0.109375
2 0.1 0.10234375 0.2 0.203125
2 0.2359375 0.92109375 0.415625 0.1578125
2 0.22578125 0.73515625 0.215625 0.1375
2 0.740625 0.36875 0.28125 0.171875
2 0.79296875 0.86484375 0.2515625 0.146875