2 0.359375 0.93984375 0.1109375 0.078125
0 0.30703125 0.27734375 0.15625 0.0875
0 0.3 0.13984375 0.1703125 0.121875
0 0.53359375 0.62890625 0.1484375 0.090625
0 0.45546875 0.425 0.15625 0.1
0 0.5109375 0.52265625 0.1484375 0.096875
2 0.12578125 0.96875 0.2375 0.0625
2 0.55234375 0.3484375 0.8671875 0.696875
2 0.18515625 0.63125 0.19375 0.103125
2 0.75625 0.92109375 0.415625 0.1578125
2 0.88515625 0.10234375 0.2296875 0.203125
2 0.7703125 0.73515625 0.20625 0.1375
2 0.25546875 0.36484375 0.275 0.171875
2 0.2 0.86484375 0.2515625 0.146875