2 0.35 0.5515625 0.084375 0.140625
2 0.40390625 0.16640625 0.075 0.125
2 0.37734375 0.278125 0.053125 0.065625
2 0.22734375 0.2515625 0.128125 0.20625
2 0.93515625 0.659375 0.078125 0.1625
2 0.4875 0.3296875 0.059375 0.08125
2 0.12890625 0.63671875 0.240625 0.20625
2 0.55625 0.321875 0.078125 0.140625
2 0.89140625 0.27421875 0.109375 0.1625
2 0.17890625 0.1296875 0.109375 0.15625
2 0.64375 0.16328125 0.1125 0.1625
2 0.83125 0.459375 0.3375 0.325
2 0.9625 0.1484375 0.075 0.296875
2 0.09609375 0.04453125 0.184375 0.0890625
2 0.45078125 0.0515625 0.2078125 0.103125
2 0.70859375 0.8 0.359375 0.4