2 0.378125 0.21640625 0.13125 0.075
2 0.384375 0.15 0.13125 0.075
2 0.41875 0.24140625 0.125 0.075
2 0.321875 0.12890625 0.13125 0.084375
2 0.428125 0.15234375 0.10625 0.078125
2 0.23125 0.54765625 0.0875 0.053125
2 0.09375 0.48359375 0.1375 0.084375
2 0.51875 0.975 0.1375 0.05
2 0.359375 0.99765625 0.11875 0.0046875
2 0.728125 0.32109375 0.16875 0.1
2 0.859375 0.89765625 0.23125 0.121875
2 0.628125 0.91640625 0.20625 0.1671875
2 0.53125 0.22265625 0.1375 0.296875
2 0.565625 0.675 0.29375 0.340625
2 0.2375 0.80390625 0.475 0.3921875