0 0.4703125 0.62890625 0.15625 0.1
2 0.63671875 0.93984375 0.11875 0.078125
0 0.6890625 0.27734375 0.178125 0.096875
0 0.66640625 0.13515625 0.2515625 0.146875
0 0.48515625 0.52265625 0.15625 0.103125
0 0.54453125 0.42265625 0.15625 0.096875
2 0.87421875 0.96640625 0.2515625 0.0671875
2 0.440625 0.35 0.88125 0.7
2 0.23671875 0.92265625 0.415625 0.1546875
2 0.10390625 0.1 0.20625 0.2
2 0.22578125 0.73515625 0.2 0.1375
2 0.8109375 0.62890625 0.184375 0.1
2 0.74453125 0.36640625 0.275 0.175
2 0.79296875 0.86015625 0.2515625 0.146875