2 0.67421875 0.13125 0.265625 0.253125
2 0.4953125 0.0421875 0.1625 0.084375
0 0.59296875 0.55859375 0.178125 0.115625
0 0.4 0.99765625 0.134375 0.0046875
0 0.6109375 0.69609375 0.184375 0.1
2 0.87734375 0.234375 0.2453125 0.465625
0 0.4703125 0.84140625 0.140625 0.084375
0 0.421875 0.9375 0.1484375 0.1
2 0.44453125 0.58359375 0.8890625 0.8328125
2 0.76640625 0.99375 0.215625 0.0125
2 0.140625 0.17734375 0.28125 0.271875
2 0.09296875 0.43984375 0.184375 0.3296875
2 0.68125 0.775 0.296875 0.184375