2 0.10390625 0.83984375 0.20625 0.3046875
2 0.1515625 0.26875 0.259375 0.153125
0 0.55546875 0.21015625 0.134375 0.096875
0 0.57421875 0.10859375 0.15625 0.1
0 0.359375 0.45625 0.15625 0.0875
0 0.36640625 0.59375 0.2 0.128125
0 0.5109375 0.30859375 0.1625 0.1
2 0.32578125 0.93984375 0.20625 0.1125
2 0.23359375 0.10859375 0.184375 0.1
2 0.559375 0.50859375 0.88125 0.940625
2 0.87421875 0.91640625 0.2515625 0.165625
2 0.89296875 0.709375 0.2140625 0.328125
2 0.81171875 0.03515625 0.2296875 0.0703125
2 0.30390625 0.375 0.296875 0.184375