2 0.04140625 0.19296875 0.065625 0.134375
2 0.94140625 0.3890625 0.05 0.08125
2 0.77890625 0.06328125 0.065625 0.125
2 0.42890625 0.340625 0.109375 0.2375
2 0.9375 0.2890625 0.125 0.2515625
2 0.59453125 0.0515625 0.0796875 0.103125
2 0.58125 0.30703125 0.0625 0.125
2 0.79765625 0.07421875 0.053125 0.134375
2 0.528125 0.06640625 0.078125 0.1328125
2 0.86328125 0.09609375 0.0578125 0.1921875
2 0.9921875 0.00703125 0.015625 0.0140625
2 0.98125 0.10390625 0.0375 0.11875
2 0.77734375 0.2703125 0.1125 0.184375
1 0.5 0.65546875 1 0.6890625