0 0.678125 0.7125 0.15625 0.090625
0 0.678125 0.85 0.184375 0.134375
0 0.459375 0.36015625 0.11875 0.078125
2 0.63359375 0.04375 0.1109375 0.078125
0 0.478125 0.46640625 0.140625 0.1
0 0.53359375 0.5625 0.1484375 0.084375
2 0.87421875 0.01640625 0.2515625 0.0328125
2 0.44453125 0.64140625 0.8890625 0.715625
2 0.8109375 0.36015625 0.184375 0.103125
2 0.11875 0.9 0.2375 0.2
2 0.20703125 0.25234375 0.19375 0.121875
2 0.78515625 0.12734375 0.2515625 0.146875
2 0.24375 0.07265625 0.44375 0.1453125
2 0.73671875 0.61875 0.275 0.171875