2 0.725 0.31015625 0.2125 0.103125
2 0.078125 0.86015625 0.14375 0.1125
2 0.76875 0.85234375 0.25 0.271875
2 0.253125 0.0875 0.10625 0.1
2 0.690625 0.38984375 0.16875 0.221875
2 0.725 0.22265625 0.25 0.1125
2 0.3375 0.59375 0.1375 0.078125
2 0.359375 0.47265625 0.14375 0.078125
2 0.309375 0.92890625 0.24375 0.134375
2 0.309375 0.52734375 0.10625 0.078125
2 0.934375 0.0359375 0.11875 0.071875
2 0.7875 0.07734375 0.125 0.096875
2 0.809375 0.56875 0.11875 0.0625
2 0.46875 0.32265625 0.1625 0.096875
2 0.925 0.24609375 0.1375 0.359375
2 0.49375 0.85859375 0.25 0.265625
2 0.46875 0.55390625 0.225 0.409375
2 0.615625 0.0796875 0.61875 0.159375