0 0.6515625 0.32734375 0.19375 0.096875
2 0.63359375 0.975 0.1109375 0.05
0 0.53359375 0.475 0.1484375 0.084375
0 0.67421875 0.19140625 0.178125 0.134375
0 0.45546875 0.67890625 0.15625 0.090625
0 0.478125 0.57265625 0.140625 0.096875
2 0.24453125 0.94375 0.44375 0.1125
2 0.80390625 0.67734375 0.184375 0.1125
2 0.87421875 0.98984375 0.2515625 0.0203125
2 0.13671875 0.121875 0.2734375 0.240625
2 0.4484375 0.37109375 0.896875 0.734375
2 0.778125 0.91015625 0.2375 0.1375
2 0.21875 0.78359375 0.2 0.1171875
2 0.73359375 0.41484375 0.28125 0.178125