2 0.59140625 0.35 0.09140625 0.1
2 0.73984375 0.134375 0.24609375 0.23125
2 0.34140625 0.796875 0.06640625 0.10625
2 0.25859375 0.015625 0.29140625 0.03125
2 0.05 0.03125 0.09140625 0.0625
2 0.5625 0.221875 0.05859375 0.10625
2 0.81875 0.40625 0.25390625 0.2
2 0.99765625 0.215625 0.00390625 0.13125
2 0.90390625 0.1625 0.11640625 0.3
2 0.96015625 0.578125 0.07890625 0.16875
2 0.58359375 0.00625 0.425 0.0125
2 0.41015625 0.63125 0.10390625 0.2
2 0.67734375 0.571875 0.4375 0.24375
2 0.98125 0.178125 0.0375 0.35625
2 0.21015625 0.4 0.4203125 0.675