2 0.72265625 0.72578125 0.053125 0.0890625
2 0.1 0.25546875 0.065625 0.1703125
2 0.19375 0.04453125 0.053125 0.075
2 0.20859375 0.221875 0.05 0.075
2 0.00234375 0.43671875 0.003125 0.103125
2 0.675 0.03359375 0.115625 0.065625
2 0.53125 0.2890625 0.1125 0.178125
2 0.28125 0.440625 0.321875 0.378125
2 0.51640625 0.140625 0.275 0.28125
2 0.0171875 0.24765625 0.034375 0.1265625
2 0.0875 0.09296875 0.1 0.15625
2 0.32890625 0.2296875 0.090625 0.1625
2 0.16484375 0.759375 0.328125 0.48125
2 0.83515625 0.3515625 0.328125 0.465625
2 0.65625 0.78515625 0.128125 0.125