2 0.79296875 0.7375 0.1484375 0.084375
2 0.68515625 0.75859375 0.096875 0.059375
2 0.93359375 0.9765625 0.1328125 0.046875
2 0.29609375 0.18359375 0.1484375 0.090625
2 0.81875 0.48515625 0.15625 0.121875
2 0.27421875 0.94765625 0.11875 0.1046875
2 0.63671875 0.57734375 0.1484375 0.0875
2 0.68515625 0.92265625 0.215625 0.1296875
2 0.39296875 0.78515625 0.1484375 0.078125
2 0.6703125 0.04609375 0.184375 0.090625
2 0.8515625 0.10234375 0.296875 0.203125
2 0.178125 0.42265625 0.35625 0.3625
2 0.93359375 0.6828125 0.1328125 0.209375
2 0.50703125 0.2875 0.31875 0.334375