2 0.93984375 0.63671875 0.078125 0.11875
0 0.62890625 0.46328125 0.090625 0.15625
0 0.13359375 0.66640625 0.140625 0.2515625
0 0.27734375 0.68515625 0.096875 0.1703125
0 0.52265625 0.48515625 0.103125 0.15625
0 0.42109375 0.54453125 0.1 0.15625
2 0.96640625 0.8703125 0.065625 0.259375
2 0.3484375 0.44765625 0.696875 0.8671875
2 0.103125 0.10703125 0.203125 0.2140625
2 0.63125 0.81484375 0.1125 0.19375
2 0.92109375 0.2328125 0.1578125 0.40625
2 0.73359375 0.22578125 0.134375 0.2
2 0.8625 0.79296875 0.15 0.2515625
2 0.36640625 0.74453125 0.165625 0.275