2 0.775 0.9890625 0.065625 0.021875
2 0.67265625 0.87421875 0.053125 0.103125
2 0.58984375 0.9703125 0.0875 0.059375
2 0.75703125 0.97734375 0.0546875 0.0453125
2 0.25 0.8296875 0.490625 0.340625
2 0.47109375 0.7515625 0.125 0.215625
2 0.528125 0.97734375 0.078125 0.0453125
2 0.99140625 0.9109375 0.015625 0.178125
2 0.83125 0.87421875 0.0875 0.1625
2 0.92890625 0.67421875 0.075 0.134375
2 0.05859375 0.62578125 0.115625 0.31875
2 0.6875 0.63671875 0.165625 0.3109375
2 0.36640625 0.56640625 0.2 0.2890625