2 0.0484375 0.43359375 0.096875 0.115625
0 0.45546875 0.62890625 0.15625 0.090625
0 0.68515625 0.27734375 0.1703125 0.096875
2 0.63359375 0.93984375 0.1109375 0.078125
0 0.67421875 0.13515625 0.221875 0.1375
0 0.540625 0.42265625 0.1484375 0.0875
0 0.48125 0.52265625 0.1625 0.1125
2 0.8703125 0.96484375 0.259375 0.0703125
2 0.440625 0.34609375 0.88125 0.690625
2 0.80703125 0.62890625 0.19375 0.109375
2 0.1 0.1 0.2 0.2
2 0.2359375 0.92109375 0.415625 0.1578125
2 0.22578125 0.73359375 0.215625 0.134375
2 0.73671875 0.36875 0.275 0.171875
2 0.79296875 0.86015625 0.2515625 0.146875