2 0.484375 0.68359375 0.23125 0.125
2 0.871875 0.64609375 0.06875 0.05
2 0.553125 0.60859375 0.15625 0.234375
2 0.309375 0.46875 0.10625 0.0875
2 0.884375 0.52734375 0.14375 0.078125
2 0.9375 0.475 0.125 0.090625
2 0.784375 0.67734375 0.15625 0.0875
2 0.465625 0.91875 0.13125 0.096875
2 0.21875 0.9625 0.225 0.075
2 0.9 0.0625 0.2 0.115625
2 0.515625 0.78125 0.26875 0.121875
2 0.275 0.70390625 0.2125 0.240625
2 0.4375 0.43515625 0.1125 0.0625
2 0.74375 0.14375 0.2625 0.271875
2 0.103125 0.84375 0.19375 0.078125
2 0.778125 0.44375 0.24375 0.428125
2 0.1125 0.55625 0.225 0.453125
2 0.31875 0.15234375 0.6375 0.296875
2 0.64375 0.92265625 0.6125 0.1546875