2 0.9875 0.5109375 0.025 0.178125
2 0.84140625 0.17421875 0.040625 0.065625
2 0.0234375 0.16953125 0.046875 0.1484375
2 0.3875 0.18125 0.109375 0.140625
2 0.86484375 0.48125 0.071875 0.11875
2 0.27890625 0.67421875 0.065625 0.103125
2 0.77734375 0.33671875 0.253125 0.334375
2 0.8625 0.08515625 0.065625 0.125
2 0.60859375 0.2 0.1 0.1484375
2 0.97734375 0.4328125 0.0453125 0.096875
2 0.6546875 0.0515625 0.109375 0.103125
2 0.8125 0.421875 0.065625 0.11875
2 0.93984375 0.240625 0.053125 0.08125
2 0.39140625 0.84453125 0.075 0.0890625
2 0.70390625 0.1515625 0.109375 0.1703125
2 0.61484375 0.49296875 0.203125 0.125
2 0.31484375 0.059375 0.596875 0.11875
2 0.98515625 0.2484375 0.028125 0.140625
2 0.0984375 0.584375 0.196875 0.51875
2 0.99609375 0.759375 0.0078125 0.48125
2 0.90625 0.01484375 0.1875 0.0296875