0 0.54453125 0.375 0.15625 0.090625
2 0.36640625 0.06015625 0.1109375 0.078125
0 0.321875 0.71875 0.184375 0.103125
0 0.3296875 0.86015625 0.2 0.146875
0 0.46328125 0.57109375 0.15625 0.090625
0 0.51875 0.47734375 0.1484375 0.103125
2 0.559375 0.65390625 0.865625 0.690625
2 0.1890625 0.37265625 0.2 0.103125
2 0.1296875 0.0375 0.259375 0.075
2 0.89296875 0.9 0.2140625 0.2
2 0.77109375 0.07890625 0.4140625 0.1578125
2 0.778125 0.26640625 0.221875 0.134375
2 0.26640625 0.63359375 0.28125 0.165625
2 0.21484375 0.13984375 0.2515625 0.146875