2 0.30390625 0.71640625 0.0890625 0.059375
2 0.19296875 0.68984375 0.11875 0.071875
2 0.3625 0.9578125 0.1625 0.084375
2 0.2890625 0.87734375 0.20625 0.1375
2 0.58515625 0.74375 0.134375 0.078125
2 0.18125 0.44609375 0.184375 0.115625
2 0.28515625 0.20625 0.1703125 0.096875
2 0.3109375 0.03359375 0.19375 0.065625
2 0.16640625 0.08515625 0.3328125 0.1703125
2 0.05546875 0.9578125 0.1109375 0.084375
2 0.3515625 0.5375 0.15625 0.084375
2 0.8109375 0.38515625 0.378125 0.3625
2 0.521875 0.25 0.40625 0.334375
2 0.0703125 0.64140625 0.140625 0.209375