2 0.69609375 0.71640625 0.0890625 0.059375
2 0.80703125 0.68984375 0.11875 0.071875
2 0.6375 0.9578125 0.1625 0.084375
2 0.7109375 0.87734375 0.20625 0.1375
2 0.41484375 0.74375 0.134375 0.078125
2 0.81875 0.44609375 0.184375 0.115625
2 0.71484375 0.20625 0.1703125 0.096875
2 0.6890625 0.03359375 0.19375 0.065625
2 0.83359375 0.08515625 0.3328125 0.1703125
2 0.94453125 0.9578125 0.1109375 0.084375
2 0.6484375 0.5375 0.15625 0.084375
2 0.1890625 0.38515625 0.378125 0.3625
2 0.478125 0.25 0.40625 0.334375
2 0.9296875 0.64140625 0.140625 0.209375