2 0.27421875 0.72265625 0.0890625 0.053125
2 0.74453125 0.1 0.1703125 0.065625
2 0.95546875 0.19375 0.075 0.053125
2 0.778125 0.20859375 0.075 0.05
2 0.56328125 0.00234375 0.103125 0.003125
2 0.96640625 0.675 0.065625 0.115625
2 0.7109375 0.53125 0.178125 0.1125
2 0.559375 0.28125 0.378125 0.321875
2 0.859375 0.51640625 0.28125 0.275
2 0.75234375 0.0171875 0.1265625 0.034375
2 0.90703125 0.0875 0.15625 0.1
2 0.7703125 0.32890625 0.1625 0.090625
2 0.240625 0.16484375 0.48125 0.328125
2 0.6484375 0.83515625 0.465625 0.3296875
2 0.21484375 0.65625 0.125 0.128125