2 0.54453125 0.35 0.125 0.084375
2 0.059375 0.22265625 0.11875 0.053125
2 0.0703125 0.38984375 0.140625 0.078125
2 0.059375 0.45390625 0.11875 0.075
2 0.21484375 0.31015625 0.0890625 0.053125
2 0.23359375 0.07890625 0.1109375 0.040625
2 0.53359375 0.07734375 0.1484375 0.0875
2 0.0484375 0.12109375 0.096875 0.059375
2 0.0296875 0.1875 0.059375 0.040625
2 0.20703125 0.15 0.1484375 0.084375
2 0.2 0.75390625 0.384375 0.484375
2 0.321875 0.49765625 0.215625 0.103125
2 0.40390625 0.04765625 0.125 0.071875
2 0.44453125 0.92734375 0.28125 0.1375
2 0.02265625 0.01015625 0.0453125 0.0203125
2 0.42578125 0.29609375 0.2890625 0.15
2 0.5 0.61484375 0.2890625 0.196875