2 0.35 0.40859375 0.1 0.090625
2 0.134375 0.26015625 0.23125 0.246875
2 0.796875 0.65859375 0.10625 0.065625
2 0.015625 0.74140625 0.03125 0.290625
2 0.03125 0.95 0.0625 0.0921875
2 0.221875 0.4375 0.10625 0.059375
2 0.40625 0.18125 0.2 0.253125
2 0.215625 0.00234375 0.13125 0.003125
2 0.1625 0.09609375 0.3 0.115625
2 0.578125 0.03984375 0.16875 0.078125
2 0.00625 0.41640625 0.0125 0.425
2 0.63125 0.58984375 0.2 0.103125
2 0.571875 0.32265625 0.24375 0.4375
2 0.178125 0.01875 0.35625 0.0375
2 0.4 0.78984375 0.675 0.4203125