2 0.325 0.81875 0.05859375 0.1109375
2 0.44765625 0.9515625 0.1125 0.09609375
2 0.94140625 0.58125 0.11640625 0.36328125
2 0.06484375 0.62578125 0.07890625 0.140625
2 0.134375 0.9625 0.071875 0.075
2 0.1625 0.8109375 0.09140625 0.15546875
2 0.20234375 0.97421875 0.05390625 0.0515625
2 0.0125 0.99609375 0.025 0.00703125
2 0.51484375 0.7109375 0.10390625 0.221875
2 0.00859375 0.88125 0.01640625 0.23671875
2 0.30625 0.5890625 0.15390625 0.2890625
2 0.6375 0.5109375 0.2 0.29609375
2 0.76875 0.79609375 0.4625 0.40703125