0 0.321875 0.3125 0.15625 0.084375
2 0.3703125 0.96640625 0.11875 0.0671875
0 0.54453125 0.66015625 0.184375 0.103125
0 0.321875 0.17109375 0.2 0.140625
0 0.47421875 0.4625 0.178125 0.1
0 0.51484375 0.55625 0.140625 0.096875
2 0.19609375 0.66015625 0.2 0.121875
2 0.134375 0.97734375 0.265625 0.0453125
2 0.55546875 0.3625 0.8890625 0.715625
2 0.88515625 0.1109375 0.2296875 0.221875
2 0.78125 0.76640625 0.215625 0.134375
2 0.21484375 0.89375 0.2375 0.1375
2 0.77421875 0.93515625 0.40625 0.1296875
2 0.26640625 0.39765625 0.28125 0.171875