2 0.90390625 0.4125 0.1484375 0.075
2 0.72578125 0.44609375 0.178125 0.1
2 0.99609375 0.77734375 0.00625 0.053125
2 0.98515625 0.61015625 0.0296875 0.0796875
2 0.978125 0.546875 0.04375 0.075
2 0.778125 0.6 0.11875 0.065625
2 0.578125 0.03359375 0.340625 0.065625
2 0.94453125 0.87890625 0.1109375 0.059375
2 0.53359375 0.28515625 0.325 0.2125
2 0.8703125 0.06640625 0.125 0.059375
2 0.978125 0.81328125 0.04375 0.0421875
2 0.821875 0.79375 0.178125 0.1125
2 0.96328125 0.98984375 0.0734375 0.0203125
2 0.79609375 0.94765625 0.275 0.1046875
1 0.34453125 0.5 0.6890625 1