2 0.82265625 0.178125 0.046875 0.075
2 0.37109375 0.1890625 0.115625 0.15625
2 0.58984375 0.2109375 0.103125 0.15625
2 0.2625 0.68515625 0.084375 0.1109375
2 0.91875 0.24453125 0.053125 0.103125
2 0.84140625 0.08515625 0.065625 0.125
2 0.96015625 0.43671875 0.0625 0.103125
2 0.68515625 0.15546875 0.1125 0.178125
2 0.63359375 0.0484375 0.1 0.096875
2 0.36875 0.8515625 0.078125 0.0890625
2 0.5875 0.4703125 0.209375 0.184375
2 0.79375 0.43359375 0.071875 0.125
2 0.97265625 0.2484375 0.053125 0.140625
2 0.29765625 0.06328125 0.5875 0.125
2 0.0875 0.5890625 0.175 0.5109375
2 0.9875 0.759375 0.025 0.48125
2 0.8875 0.01484375 0.2 0.0296875