2 0.3515625 0.99375 0.140625 0.0125
2 0.39609375 0.37890625 0.184375 0.109375
2 0.1109375 0.43359375 0.134375 0.084375
2 0.43671875 0.46484375 0.178125 0.1125
2 0.15234375 0.9359375 0.3046875 0.128125
2 0.078125 0.88515625 0.15625 0.2296875
2 0.70703125 0.17109375 0.4515625 0.340625
2 0.60390625 0.81015625 0.1703125 0.1046875
2 0.0296875 0.075 0.059375 0.15
2 0.6890625 0.36640625 0.20625 0.125
2 0.2 0.72734375 0.325 0.1796875
2 0.83359375 0.621875 0.3328125 0.2
2 0.878125 0.225 0.2296875 0.259375