2 0.540625 0.48515625 0.075 0.053125
2 0.99609375 0.8 0.00625 0.0578125
2 0.43359375 0.59375 0.065625 0.046875
2 0.940625 0.41640625 0.11875 0.075
2 0.67421875 0.54609375 0.20625 0.215625
2 0.81484375 0.6 0.134375 0.0671875
2 0.77421875 0.45 0.1703125 0.1
2 0.99296875 0.546875 0.0140625 0.075
2 0.921875 0.07734375 0.125 0.053125
2 0.559375 0.29140625 0.3484375 0.225
2 0.959375 0.87734375 0.08125 0.0546875
2 0.63671875 0.0375 0.3703125 0.075
2 0.98515625 0.81484375 0.0296875 0.0453125
2 0.8484375 0.79375 0.184375 0.1125
2 0.8296875 0.94765625 0.265625 0.103125
2 0.978125 0.98984375 0.04375 0.0203125
1 0.3484375 0.5 0.696875 1