2 0.24609375 0.06328125 0.125 0.125
2 0.55 0.64453125 0.065625 0.1625
0 0.03984375 0.4109375 0.078125 0.15625
2 0.3375 0.5890625 0.075 0.1109375
2 0.46640625 0.64453125 0.084375 0.11875
2 0.9421875 0.10703125 0.115625 0.2140625
2 0.053125 0.43671875 0.103125 0.8734375
2 0.0421875 0.74765625 0.084375 0.2078125
2 0.64375 0.8625 0.7125 0.275
2 0.13515625 0.1703125 0.1375 0.20625
2 0.85390625 0.60390625 0.290625 0.778125
2 0.35234375 0.2109375 0.221875 0.421875
2 0.625 0.25546875 0.165625 0.5109375
2 0.26015625 0.74453125 0.146875 0.259375