2 0.73359375 0.70625 0.103125 0.0625
2 0.91875 0.1859375 0.1625 0.3625
2 0.759375 0.13984375 0.15625 0.128125
2 0.79609375 0.46015625 0.184375 0.121875
2 0.74453125 0.36875 0.15625 0.103125
2 0.459375 0.3625 0.20625 0.215625
2 0.51875 0.57734375 0.134375 0.078125
2 0.87421875 0.62890625 0.134375 0.075
2 0.92578125 0.41484375 0.1484375 0.103125
2 0.878125 0.86015625 0.15625 0.1125
2 0.721875 0.775 0.140625 0.084375
2 0.559375 0.95 0.31875 0.1
2 0.99296875 0.3171875 0.0140625 0.225
2 0.22578125 0.88125 0.4515625 0.2375
2 0.96640625 0.68125 0.065625 0.196875