2 0.9328125 0.603125 0.134375 0.078125
2 0.4703125 0.91875 0.140625 0.0875
2 0.94765625 0.77578125 0.1046875 0.0578125
2 0.80390625 0.68515625 0.096875 0.053125
2 0.95546875 0.54140625 0.0890625 0.075
2 0.803125 0.24453125 0.39375 0.4796875
2 0.9515625 0.87265625 0.096875 0.0625
2 0.76640625 0.91875 0.096875 0.046875
2 0.8 0.84375 0.1625 0.0875
2 0.97734375 0.8125 0.0453125 0.05
2 0.57421875 0.69765625 0.303125 0.153125
2 0.559375 0.07265625 0.2890625 0.1375
2 0.60390625 0.94375 0.140625 0.0796875
2 0.98046875 0.98984375 0.0359375 0.0203125
2 0.69296875 0.49765625 0.215625 0.096875
2 0.85078125 0.99609375 0.2515625 0.0078125
2 0.51875 0.375 0.296875 0.190625