2 0.77109375 0.340625 0.25 0.340625
2 0.8375 0.17421875 0.05 0.065625
2 0.01875 0.1703125 0.028125 0.134375
2 0.38125 0.18125 0.1125 0.125
2 0.275 0.68515625 0.075 0.1109375
2 0.97265625 0.43671875 0.053125 0.103125
2 0.60625 0.2 0.103125 0.1484375
2 0.93515625 0.24453125 0.053125 0.0890625
2 0.85859375 0.08125 0.065625 0.11875
2 0.64609375 0.0484375 0.1 0.096875
2 0.80859375 0.421875 0.065625 0.11875
2 0.7 0.15546875 0.109375 0.1625
2 0.38359375 0.84453125 0.075 0.0890625
2 0.6125 0.49609375 0.2 0.11875
2 0.31015625 0.059375 0.596875 0.11875
2 0.98125 0.2484375 0.0375 0.125
2 0.09609375 0.58515625 0.190625 0.503125
2 0.99375 0.759375 0.0125 0.48125
2 0.90390625 0.01484375 0.190625 0.0296875
2 0.875 0.90703125 0.1125 0.140625
0 0.475 0.58515625 0.0875 0.140625