0 0.62890625 0.459375 0.084375 0.1484375
0 0.13984375 0.678125 0.1375 0.184375
0 0.4375 0.5296875 0.090625 0.15625
0 0.28359375 0.66640625 0.1 0.19375
0 0.525 0.478125 0.109375 0.140625
2 0.94609375 0.63359375 0.084375 0.125
2 0.97265625 0.87421875 0.053125 0.2515625
2 0.35234375 0.44453125 0.703125 0.8890625
2 0.63125 0.80703125 0.096875 0.178125
2 0.73984375 0.21875 0.1375 0.215625
2 0.09609375 0.1109375 0.190625 0.221875
2 0.92265625 0.23671875 0.153125 0.415625
2 0.37265625 0.73671875 0.171875 0.275
2 0.86875 0.79296875 0.146875 0.2515625