0 0.13515625 0.678125 0.1375 0.2296875
2 0.9375 0.64453125 0.075 0.103125
0 0.27734375 0.69296875 0.096875 0.1703125
0 0.425 0.54453125 0.1 0.15625
0 0.62890625 0.46328125 0.090625 0.125
0 0.52265625 0.4890625 0.096875 0.1484375
2 0.96875 0.87421875 0.0625 0.2375
2 0.3484375 0.44453125 0.696875 0.8890625
2 0.62890625 0.81484375 0.109375 0.19375
2 0.09609375 0.1109375 0.190625 0.221875
2 0.91875 0.2515625 0.1625 0.4
2 0.73359375 0.22578125 0.134375 0.2
2 0.36484375 0.74453125 0.171875 0.275
2 0.86015625 0.8 0.146875 0.2515625