2 0.31015625 0.725 0.103125 0.2125
2 0.86015625 0.078125 0.1125 0.14375
2 0.85234375 0.76875 0.271875 0.25
2 0.0875 0.253125 0.1 0.10625
2 0.38984375 0.690625 0.221875 0.16875
2 0.22265625 0.725 0.1125 0.25
2 0.59375 0.3375 0.078125 0.1375
2 0.47265625 0.359375 0.078125 0.14375
2 0.92890625 0.309375 0.134375 0.24375
2 0.52734375 0.309375 0.078125 0.10625
2 0.0359375 0.934375 0.071875 0.11875
2 0.07734375 0.7875 0.096875 0.125
2 0.56875 0.809375 0.0625 0.11875
2 0.32265625 0.46875 0.096875 0.1625
2 0.24609375 0.925 0.359375 0.1375
2 0.85859375 0.49375 0.265625 0.25
2 0.55390625 0.46875 0.409375 0.225
2 0.0796875 0.615625 0.159375 0.61875