2 0.56328125 0.075 0.2375 0.125
2 0.60703125 0.31015625 0.103125 0.1625
2 0.24453125 0.52734375 0.0890625 0.053125
2 0.13671875 0.55390625 0.1109375 0.065625
2 0.27421875 0.28125 0.178125 0.1125
2 0.2109375 0.38515625 0.184375 0.1125
2 0.27734375 0.0484375 0.1703125 0.096875
2 0.5 0.5 0.125 0.075
2 0.56328125 0.25 0.221875 0.159375
2 0.2515625 0.99140625 0.1625 0.0171875
2 0.3 0.69765625 0.140625 0.078125
2 0.13359375 0.7875 0.1484375 0.109375
2 0.44453125 0.90625 0.3109375 0.1875
2 0.04453125 0.6 0.0890625 0.2
2 0.021875 0.23203125 0.04375 0.2453125
2 0.78515625 0.8375 0.4296875 0.325