2 0.36328125 0.93984375 0.11875 0.078125
0 0.5296875 0.62890625 0.15625 0.1
0 0.30703125 0.27734375 0.15625 0.096875
0 0.3296875 0.13359375 0.24375 0.140625
0 0.51484375 0.52109375 0.140625 0.1
0 0.45546875 0.42265625 0.15625 0.096875
2 0.559375 0.3484375 0.88125 0.696875
2 0.1296875 0.96484375 0.259375 0.0703125
2 0.9 0.1 0.2 0.2
2 0.7671875 0.92109375 0.40625 0.1578125
2 0.778125 0.73359375 0.20625 0.134375
2 0.1890625 0.62890625 0.2 0.109375
2 0.259375 0.36640625 0.28125 0.165625
2 0.20703125 0.86015625 0.2515625 0.146875