2 0.484375 0.27265625 0.23125 0.121875
2 0.6875 0.02109375 0.15 0.040625
2 0.790625 0.01484375 0.20625 0.028125
2 0.44375 0.34765625 0.1625 0.246875
2 0.684375 0.49140625 0.11875 0.090625
2 0.2 0.28125 0.175 0.096875
2 0.090625 0.42734375 0.14375 0.071875
2 0.53125 0.0421875 0.125 0.084375
2 0.546875 0.525 0.10625 0.059375
2 0.48125 0.175 0.3 0.125
2 0.21875 0.83515625 0.2625 0.2875
2 0.70625 0.26015625 0.1875 0.2375
2 0.05 0.4875 0.1 0.084375
2 0.890625 0.11640625 0.16875 0.075
2 0.2125 0.50859375 0.25 0.409375
2 0.096875 0.92265625 0.19375 0.146875
2 0.884375 0.39765625 0.23125 0.471875
2 0.35 0.05859375 0.625 0.115625
2 0.665625 0.825 0.66875 0.3421875