2 0.43359375 0.0484375 0.115625 0.096875
2 0.93984375 0.63359375 0.078125 0.1109375
0 0.28359375 0.68515625 0.1 0.184375
0 0.625 0.45546875 0.090625 0.15625
0 0.13515625 0.6703125 0.146875 0.2296875
0 0.42734375 0.53671875 0.096875 0.15625
0 0.52265625 0.48515625 0.1125 0.15625
2 0.96484375 0.87421875 0.0703125 0.2515625
2 0.3484375 0.440625 0.696875 0.88125
2 0.0984375 0.103125 0.196875 0.20625
2 0.62734375 0.80390625 0.103125 0.2
2 0.92109375 0.2359375 0.1578125 0.415625
2 0.73359375 0.22578125 0.134375 0.215625
2 0.36640625 0.73671875 0.165625 0.275
2 0.86015625 0.78515625 0.146875 0.2515625