2 0.80703125 0.04140625 0.134375 0.065625
2 0.6109375 0.94140625 0.08125 0.05
2 0.93671875 0.77890625 0.125 0.065625
2 0.659375 0.42890625 0.2375 0.109375
2 0.7109375 0.9375 0.2515625 0.125
2 0.9484375 0.59453125 0.103125 0.0796875
2 0.69296875 0.58125 0.125 0.0625
2 0.92578125 0.79765625 0.134375 0.0546875
2 0.93359375 0.528125 0.1328125 0.078125
2 0.90390625 0.86328125 0.1921875 0.0578125
2 0.99296875 0.9921875 0.0140625 0.015625
2 0.89609375 0.98125 0.11875 0.0375
2 0.7296875 0.77734375 0.184375 0.1125
1 0.34453125 0.5 0.6890625 1