2 0.2109375 0.36015625 0.065625 0.053125
2 0.459375 0.21640625 0.103125 0.059375
2 0.12578125 0.33515625 0.134375 0.071875
2 0.23359375 0.82734375 0.15625 0.1125
2 0.07734375 0.7953125 0.1546875 0.409375
2 0.121875 0.10234375 0.1703125 0.1125
2 0.27421875 0.25390625 0.075 0.05
2 0.06640625 0.55 0.1328125 0.1
2 0.4703125 0.3875 0.125 0.084375
2 0.51484375 0.60859375 0.215625 0.2
2 0.2484375 0.59609375 0.15625 0.109375
2 0.20703125 0.50390625 0.19375 0.115625
2 0.2703125 0.19140625 0.15625 0.084375
2 0.43671875 0.03515625 0.3109375 0.0703125
2 0.03359375 0.2875 0.065625 0.190625
2 0.765625 0.10390625 0.465625 0.2078125