2 0.26640625 0.94375 0.178125 0.1125
2 0.5296875 0.40390625 0.125 0.084375
2 0.10703125 0.2375 0.15625 0.109375
2 0.30703125 0.17890625 0.15625 0.109375
2 0.2703125 0.8125 0.08125 0.059375
2 0.15546875 0.46015625 0.11875 0.071875
2 0.65546875 0.97265625 0.15625 0.0546875
2 0.25546875 0.27890625 0.184375 0.115625
2 0.14453125 0.69375 0.15625 0.1125
2 0.61875 0.18359375 0.215625 0.240625
2 0.03359375 0.13515625 0.065625 0.228125
2 0.3109375 0.60859375 0.1484375 0.075
2 0.18515625 0.9875 0.3703125 0.025
2 0.45546875 0.86015625 0.31875 0.278125
2 0.0484375 0.50390625 0.096875 0.209375
2 0.7890625 0.7625 0.421875 0.35