2 0.32578125 0.08125 0.20625 0.153125
2 0.44453125 0.44609375 0.103125 0.059375
2 0.321875 0.8625 0.140625 0.084375
2 0.69296875 0.28984375 0.096875 0.0625
2 0.721875 0.13125 0.2 0.128125
2 0.82578125 0.5625 0.1703125 0.1171875
2 0.80390625 0.31640625 0.125 0.075
2 0.84453125 0.07890625 0.1484375 0.109375
2 0.721875 0.8 0.1703125 0.1
2 0.63359375 0.04609375 0.15625 0.090625
2 0.41875 0.2625 0.140625 0.075
2 0.6484375 0.46640625 0.15625 0.084375
2 0.840625 0.92109375 0.31875 0.1578125
2 0.69296875 0.97265625 0.184375 0.0546875
2 0.9484375 0.046875 0.103125 0.084375
2 0.4890625 0.75625 0.3703125 0.328125
2 0.93359375 0.365625 0.1328125 0.2125
2 0.19296875 0.62734375 0.384375 0.346875