2 0.93671875 0.34765625 0.1109375 0.146875
0 0.0296875 0.67890625 0.059375 0.065625
2 0.61875 0.25390625 0.1109375 0.075
0 0.37421875 0.68984375 0.140625 0.0875
2 0.57421875 0.38359375 0.1109375 0.075
2 0.0703125 0.47109375 0.140625 0.134375
0 0.57421875 0.99140625 0.215625 0.0171875
2 0.81484375 0.83515625 0.325 0.196875
0 0.43671875 0.89140625 0.1625 0.0921875
0 0.3890625 0.79609375 0.140625 0.1
2 0.8328125 0.21171875 0.334375 0.4171875
2 0.7296875 0.69609375 0.1703125 0.1
2 0.4296875 0.81640625 0.859375 0.3671875
2 0.63984375 0.9328125 0.2890625 0.134375
2 0.1515625 0.58125 0.2 0.1375
2 0.2515625 0.09375 0.503125 0.1625
2 0.7296875 0.46484375 0.259375 0.1375
2 0.21875 0.36875 0.4375 0.2125