2 0.959375 0.48515625 0.08125 0.1125
2 0.921875 0.07109375 0.15625 0.125
0 0.34453125 0.77265625 0.1703125 0.121875
2 0.38515625 0.00859375 0.11875 0.015625
0 0.559375 0.29140625 0.15625 0.090625
0 0.5296875 0.39609375 0.140625 0.109375
0 0.3296875 0.63984375 0.184375 0.096875
0 0.4703125 0.49375 0.140625 0.0875
2 0.20390625 0.29609375 0.184375 0.1
2 0.54453125 0.60390625 0.9109375 0.790625
2 0.8703125 0.8625 0.259375 0.275
2 0.79296875 0.18984375 0.20625 0.128125
2 0.2703125 0.55390625 0.2890625 0.175
2 0.221875 0.06484375 0.2375 0.128125
2 0.7703125 0.03984375 0.4296875 0.078125