2 0.26328125 0.85625 0.065625 0.053125
2 0.13671875 0.73515625 0.15625 0.1125
2 0.61015625 0.0359375 0.1859375 0.071875
2 0.14453125 0.50234375 0.1109375 0.071875
2 0.6515625 0.99140625 0.134375 0.0171875
2 0.29609375 0.225 0.1625 0.115625
2 0.23359375 0.32265625 0.184375 0.121875
2 0.10703125 0.27734375 0.15625 0.103125
2 0.3109375 0.58125 0.11875 0.053125
2 0.25546875 0.9625 0.15625 0.075
2 0.52578125 0.44609375 0.134375 0.084375
2 0.30390625 0.64609375 0.134375 0.084375
2 0.6 0.22890625 0.221875 0.240625
2 0.7921875 0.80703125 0.415625 0.3546875
2 0.02578125 0.17734375 0.0515625 0.2375
2 0.4484375 0.88125 0.31875 0.2375
2 0.04453125 0.55 0.0890625 0.2