2 0.540625 0.65390625 0.11875 0.084375
2 0.29296875 0.79609375 0.1109375 0.075
2 0.8 0.6875 0.1625 0.1171875
2 0.7484375 0.12890625 0.103125 0.065625
2 0.94453125 0.41875 0.1109375 0.096875
2 0.6296875 0.7375 0.1625 0.134375
2 0.93671875 0.69140625 0.125 0.5
2 0.78125 0.46015625 0.15625 0.103125
2 0.45234375 0.04765625 0.2359375 0.0953125
2 0.840625 0.36640625 0.2 0.115625
2 0.9 0.20390625 0.125 0.065625
2 0.53359375 0.48984375 0.221875 0.153125
2 0.3671875 0.9390625 0.55625 0.121875
2 0.56328125 0.25625 0.11875 0.071875
2 0.7484375 0.0625 0.1484375 0.084375
2 0.9 0.01484375 0.15625 0.028125
2 0.240625 0.03984375 0.48125 0.078125
2 0.97421875 0.15859375 0.0515625 0.190625