2 0.4484375 0.65 0.140625 0.084375
2 0.83359375 0.59609375 0.125 0.075
2 0.721875 0.62265625 0.065625 0.053125
2 0.7484375 0.77265625 0.20625 0.1296875
2 0.340625 0.06484375 0.1625 0.078125
2 0.6703125 0.5125 0.08125 0.059375
2 0.36328125 0.87109375 0.20625 0.240625
2 0.678125 0.44375 0.140625 0.078125
2 0.72578125 0.10859375 0.1625 0.109375
2 0.8703125 0.82109375 0.15625 0.109375
2 0.83671875 0.35625 0.1625 0.1125
2 0.540625 0.16875 0.325 0.3375
2 0.8515625 0.0375 0.296875 0.075
2 0.95546875 0.90390625 0.0890625 0.184375
2 0.9484375 0.54921875 0.103125 0.2078125
2 0.2 0.29140625 0.4 0.359375