2 0.3375 0.40625 0.1375 0.078125
2 0.690625 0.61015625 0.16875 0.221875
2 0.784375 0.16640625 0.33125 0.325
2 0.078125 0.1375 0.15625 0.115625
2 0.35625 0.525 0.1375 0.075
2 0.728125 0.77890625 0.25625 0.115625
2 0.934375 0.9625 0.11875 0.075
2 0.30625 0.47265625 0.1 0.078125
2 0.253125 0.9125 0.10625 0.1
2 0.315625 0.05234375 0.25625 0.096875
2 0.7875 0.92109375 0.125 0.0921875
2 0.46875 0.67890625 0.1625 0.090625
2 0.809375 0.43515625 0.11875 0.0625
2 0.93125 0.75625 0.125 0.3625
2 0.5 0.14140625 0.25 0.265625
2 0.471875 0.44375 0.23125 0.4125
2 0.6125 0.92265625 0.6125 0.1546875