2 0.08515625 0.47421875 0.0875 0.134375
2 0.39765625 0.940625 0.078125 0.11875
2 0.31484375 0.80390625 0.053125 0.096875
2 0.12890625 0.95546875 0.065625 0.0890625
2 0.08359375 0.778125 0.05 0.103125
2 0.4625 0.959375 0.075 0.08125
2 0.16015625 0.80703125 0.096875 0.1625
2 0.1890625 0.97734375 0.053125 0.0453125
2 0.75859375 0.80703125 0.475 0.384375
2 0.06015625 0.60703125 0.078125 0.134375
2 0.0125 0.98125 0.025 0.0375
2 0.92890625 0.56640625 0.134375 0.2890625
2 0.00390625 0.85078125 0.0078125 0.2359375
2 0.50625 0.69609375 0.096875 0.20625
2 0.30390625 0.57421875 0.159375 0.303125
2 0.62734375 0.52578125 0.196875 0.296875