0 0.321875 0.27734375 0.1703125 0.0875
2 0.36640625 0.93984375 0.1109375 0.078125
0 0.540625 0.62890625 0.1484375 0.090625
0 0.33359375 0.1375 0.2375 0.140625
0 0.51484375 0.525 0.15625 0.109375
0 0.45546875 0.42265625 0.15625 0.096875
2 0.559375 0.34609375 0.88125 0.690625
2 0.1296875 0.96484375 0.259375 0.0703125
2 0.9 0.0984375 0.2 0.196875
2 0.7640625 0.92109375 0.415625 0.1578125
2 0.778125 0.73515625 0.20625 0.1375
2 0.1890625 0.62890625 0.2 0.109375
2 0.26328125 0.36640625 0.275 0.165625
2 0.20703125 0.86015625 0.2515625 0.146875