2 0.121875 0.80859375 0.15625 0.109375
2 0.16640625 0.57734375 0.125 0.071875
2 0.32578125 0.49765625 0.11875 0.071875
2 0.32578125 0.8625 0.178125 0.115625
2 0.159375 0.34140625 0.15625 0.115625
2 0.27421875 0.22109375 0.075 0.059375
2 0.5484375 0.63359375 0.1484375 0.084375
2 0.26640625 0.09765625 0.1625 0.096875
2 0.64453125 0.85234375 0.178125 0.246875
2 0.259375 0.75859375 0.20625 0.125
2 0.31875 0.43359375 0.1484375 0.084375
2 0.18515625 0.03125 0.3703125 0.0625
2 0.03359375 0.89375 0.065625 0.203125
2 0.8 0.27890625 0.4 0.365625
2 0.45859375 0.16015625 0.3265625 0.3203125
2 0.0515625 0.5328125 0.103125 0.215625