2 0.1859375 0.9703125 0.2375 0.059375
2 0.36328125 0.3375 0.1625 0.065625
2 0.98203125 0.9953125 0.0359375 0.009375
2 0.94453125 0.6375 0.1109375 0.134375
2 0.4109375 0.54765625 0.1109375 0.078125
0 0.6109375 0.85390625 0.15625 0.0921875
0 0.58515625 0.95625 0.1484375 0.0875
2 0.36328125 0.41875 0.11875 0.0875
2 0.5703125 0.89375 0.859375 0.2125
2 0.240625 0.85234375 0.2296875 0.121875
2 0.8296875 0.74375 0.20625 0.1296875
2 0.7484375 0.26171875 0.503125 0.1671875
2 0.78515625 0.53359375 0.4296875 0.225
2 0.41875 0.09609375 0.7625 0.190625
2 0.1375 0.30390625 0.275 0.6078125
2 0.26328125 0.62890625 0.259375 0.140625