2 0.9515625 0.50859375 0.096875 0.109375
2 0.3703125 0.02109375 0.11875 0.040625
0 0.5515625 0.3125 0.1703125 0.090625
0 0.33359375 0.80390625 0.19375 0.140625
0 0.4703125 0.51015625 0.140625 0.0875
0 0.3296875 0.66015625 0.1703125 0.103125
0 0.52578125 0.42109375 0.134375 0.109375
2 0.19609375 0.30625 0.184375 0.103125
2 0.1296875 0.00234375 0.259375 0.003125
2 0.55546875 0.62109375 0.8890625 0.75
2 0.87421875 0.875 0.2515625 0.25
2 0.775 0.04765625 0.40625 0.0953125
2 0.78125 0.20390625 0.215625 0.134375
2 0.21875 0.07890625 0.24375 0.140625
2 0.26640625 0.575 0.28125 0.175