2 0.059375 0.8 0.11875 0.059375
2 0.0078125 0.4171875 0.015625 0.075
2 0.08515625 0.77890625 0.1109375 0.05
2 0.07421875 0.54609375 0.1484375 0.075
2 0.09296875 0.61484375 0.1703125 0.078125
2 0.259375 0.92109375 0.0890625 0.0421875
2 0.0671875 0.878125 0.134375 0.053125
2 0.23671875 0.69375 0.103125 0.053125
2 0.040625 0.81484375 0.08125 0.046875
2 0.5484375 0.92734375 0.1484375 0.0875
2 0.16328125 0.99765625 0.265625 0.0046875
2 0.22578125 0.85 0.140625 0.084375
2 0.459375 0.07265625 0.3109375 0.1375
2 0.42578125 0.95390625 0.125 0.0671875
2 0.034375 0.98984375 0.065625 0.0203125
2 0.2484375 0.25234375 0.3484375 0.4875
2 0.3515625 0.50859375 0.2 0.1
2 0.4515625 0.70859375 0.28125 0.15
2 0.51875 0.39609375 0.28125 0.190625