2 0.078125 0.0375 0.13125 0.075
2 0.665625 0.59140625 0.13125 0.075
2 0.75625 0.08984375 0.1 0.096875
2 0.225 0.31484375 0.175 0.1125
2 0.278125 0.22109375 0.25625 0.125
2 0.6375 0.34609375 0.075 0.05
2 0.690625 0.93984375 0.24375 0.1203125
2 0.7125 0.52734375 0.1125 0.078125
2 0.221875 0.8375 0.34375 0.3171875
2 0.203125 0.56640625 0.10625 0.059375
2 0.659375 0.47734375 0.14375 0.078125
2 0.221875 0.075 0.13125 0.1
2 0.53125 0.325 0.1625 0.090625
2 0.315625 0.39375 0.18125 0.2375
2 0.51875 0.86015625 0.25 0.2625
2 0.534375 0.55859375 0.23125 0.415625
2 0.396875 0.0796875 0.60625 0.159375