2 0.05234375 0.5921875 0.1046875 0.084375
2 0.16328125 0.67890625 0.103125 0.059375
2 0.0296875 0.53125 0.059375 0.078125
2 0.0296875 0.86640625 0.059375 0.065625
2 0.0109375 0.80390625 0.021875 0.05
2 0.3703125 0.93515625 0.134375 0.071875
2 0.1703125 0.83359375 0.1625 0.0921875
2 0.178125 0.2375 0.35625 0.465625
2 0.11875 0.99140625 0.2375 0.0171875
2 0.4 0.06484375 0.296875 0.128125
2 0.0046875 0.98359375 0.00625 0.0328125
2 0.278125 0.47890625 0.215625 0.115625
2 0.40390625 0.68984375 0.31875 0.1625
2 0.4515625 0.36875 0.28125 0.196875