2 0.84765625 0.459375 0.053125 0.0890625
2 0.13125 0.73359375 0.096875 0.11875
2 0.72734375 0.10703125 0.071875 0.1109375
2 0.80390625 0.25546875 0.059375 0.096875
2 0.47265625 0.2296875 0.103125 0.1484375
2 0.5625 0.16640625 0.125 0.2
2 0.5125 0.06328125 0.1 0.125
2 0.67890625 0.45546875 0.075 0.125
2 0.22890625 0.21484375 0.090625 0.1484375
2 0.45390625 0.49609375 0.184375 0.221875
2 0.2421875 0.0703125 0.484375 0.140625
2 0.86875 0.25546875 0.078125 0.140625
2 0.95390625 0.10703125 0.090625 0.15625
2 0.99609375 0.42890625 0.0078125 0.3265625
2 0.92734375 0.765625 0.1453125 0.465625
2 0.77734375 0.03359375 0.1875 0.065625