2 0.221875 0.175 0.36875 0.325
2 0.515625 0.7625 0.09375 0.05
2 0.93125 0.13984375 0.1375 0.121875
2 0.08125 0.75390625 0.15 0.384375
2 0.3 0.78125 0.25 0.1125
2 0.75625 0.91015625 0.1 0.096875
2 0.725 0.47265625 0.125 0.078125
2 0.21875 0.42734375 0.0875 0.053125
2 0.715625 0.07109375 0.23125 0.134375
2 0.23125 0.92109375 0.125 0.1
2 0.559375 0.675 0.15625 0.090625
2 0.315625 0.60859375 0.18125 0.25
2 0.6625 0.52734375 0.1375 0.071875
2 0.528125 0.14375 0.25625 0.2625
2 0.546875 0.44609375 0.23125 0.434375
2 0.409375 0.91875 0.63125 0.1625