2 0.05625 0.26640625 0.1125 0.178125
2 0.59609375 0.5296875 0.08359375 0.12578125
2 0.7625 0.10703125 0.10859375 0.15546875
2 0.82109375 0.30703125 0.10859375 0.15546875
2 0.1875 0.2703125 0.05859375 0.08125
2 0.53984375 0.15546875 0.07109375 0.11875
2 0.02734375 0.65546875 0.05390625 0.15546875
2 0.72109375 0.25546875 0.11640625 0.18515625
2 0.30625 0.14453125 0.1125 0.15546875
2 0.81640625 0.61875 0.24140625 0.21484375
2 0.86484375 0.03359375 0.22890625 0.06640625
2 0.39140625 0.3109375 0.075 0.1484375
2 0.0125 0.18515625 0.025 0.3703125
2 0.13984375 0.45546875 0.27890625 0.31875
2 0.49609375 0.0484375 0.20859375 0.09609375
2 0.2375 0.7890625 0.35 0.421875