0 0.37265625 0.4515625 0.096875 0.1625
2 0.06015625 0.63359375 0.078125 0.1109375
0 0.71875 0.68515625 0.096875 0.184375
0 0.8625 0.66640625 0.15 0.221875
0 0.57109375 0.53671875 0.090625 0.15625
0 0.47734375 0.48125 0.103125 0.1484375
2 0.03125 0.87421875 0.0625 0.2515625
2 0.6515625 0.440625 0.696875 0.88125
2 0.37109375 0.80703125 0.109375 0.20625
2 0.9015625 0.10703125 0.196875 0.2140625
2 0.07890625 0.2328125 0.1578125 0.421875
2 0.26484375 0.221875 0.128125 0.20625
2 0.63359375 0.73359375 0.165625 0.28125
2 0.13984375 0.78515625 0.146875 0.2515625