2 0.4484375 0.54140625 0.1109375 0.059375
2 0.321875 0.13125 0.140625 0.078125
2 0.71875 0.17890625 0.178125 0.109375
2 0.8109375 0.66640625 0.140625 0.075
2 0.6515625 0.57890625 0.0890625 0.059375
2 0.640625 0.94765625 0.15625 0.1046875
2 0.83359375 0.42734375 0.15625 0.1125
2 0.30703125 0.9125 0.184375 0.1671875
2 0.721875 0.85 0.215625 0.125
2 0.421875 0.72265625 0.134375 0.078125
2 0.65546875 0.51015625 0.140625 0.078125
2 0.69296875 0.025 0.2 0.05
2 0.84453125 0.07265625 0.3109375 0.1453125
2 0.940625 0.94765625 0.11875 0.103125
2 0.5296875 0.23359375 0.31875 0.340625
2 0.19296875 0.3625 0.384375 0.359375
2 0.93671875 0.62109375 0.125 0.2