2 0.59140625 0.3 0.059375 0.1109375
2 0.52109375 0.140625 0.065625 0.11875
2 0.49375 0.25546875 0.053125 0.08125
2 0.3 0.1 0.109375 0.15625
2 0.0359375 0.29921875 0.071875 0.1859375
2 0.24765625 0.29609375 0.103125 0.1625
2 0.34609375 0.240625 0.115625 0.215625
2 0.46484375 0.51875 0.078125 0.1484375
2 0.25 0.5890625 0.234375 0.2
2 0.97265625 0.25546875 0.053125 0.15625
2 0.03984375 0.58125 0.078125 0.15625
2 0.75390625 0.13671875 0.109375 0.15625
2 0.89140625 0.4515625 0.215625 0.3109375
2 0.66484375 0.30703125 0.078125 0.140625
2 0.19375 0.021875 0.2375 0.04375
2 0.81875 0.79609375 0.346875 0.40625
2 0.56640625 0.0484375 0.209375 0.096875