2 0.32578125 0.91875 0.20625 0.1546875
2 0.44453125 0.55390625 0.103125 0.059375
2 0.321875 0.1375 0.140625 0.084375
2 0.69296875 0.71015625 0.096875 0.0625
2 0.721875 0.86875 0.2 0.1296875
2 0.82578125 0.4375 0.1703125 0.115625
2 0.80390625 0.68359375 0.125 0.075
2 0.84453125 0.92109375 0.1484375 0.109375
2 0.721875 0.2 0.1703125 0.1
2 0.63359375 0.95390625 0.15625 0.0921875
2 0.41875 0.7375 0.140625 0.075
2 0.6484375 0.53359375 0.15625 0.084375
2 0.840625 0.07890625 0.31875 0.1578125
2 0.69296875 0.02734375 0.184375 0.053125
2 0.9484375 0.953125 0.103125 0.084375
2 0.4890625 0.24375 0.3703125 0.328125
2 0.93359375 0.634375 0.1328125 0.2125
2 0.19296875 0.37265625 0.384375 0.346875