2 0.74453125 0.11484375 0.08125 0.053125
2 0.50390625 0.34140625 0.103125 0.059375
2 0.7109375 0.73515625 0.1625 0.121875
2 0.4890625 0.52109375 0.134375 0.084375
2 0.86328125 0.46640625 0.125 0.075
2 0.778125 0.63515625 0.19375 0.1125
2 0.47109375 0.9515625 0.2296875 0.096875
2 0.9109375 0.68984375 0.1625 0.1046875
2 0.6890625 0.38515625 0.11875 0.053125
2 0.42578125 0.7375 0.215625 0.225
2 0.534375 0.10390625 0.35625 0.2078125
2 0.69296875 0.31875 0.140625 0.078125
2 0.859375 0.22890625 0.1625 0.109375
2 0.74453125 0.01875 0.15625 0.0375
2 0.98125 0.7875 0.0375 0.240625
2 0.9515625 0.41875 0.096875 0.196875
2 0.2109375 0.16875 0.421875 0.3375