2 0.484375 0.31640625 0.23125 0.125
2 0.871875 0.35390625 0.06875 0.05
2 0.553125 0.39140625 0.15625 0.234375
2 0.309375 0.53125 0.10625 0.0875
2 0.884375 0.47265625 0.14375 0.078125
2 0.9375 0.525 0.125 0.090625
2 0.784375 0.32265625 0.15625 0.0875
2 0.465625 0.08125 0.13125 0.096875
2 0.21875 0.0375 0.225 0.075
2 0.9 0.9375 0.2 0.115625
2 0.515625 0.21875 0.26875 0.121875
2 0.275 0.29609375 0.2125 0.240625
2 0.4375 0.56484375 0.1125 0.0625
2 0.74375 0.85625 0.2625 0.271875
2 0.103125 0.15625 0.19375 0.078125
2 0.778125 0.55625 0.24375 0.428125
2 0.1125 0.44375 0.225 0.453125
2 0.31875 0.84765625 0.6375 0.296875
2 0.64375 0.07734375 0.6125 0.153125