2 0.56640625 0.05390625 0.125 0.084375
2 0.32578125 0.37109375 0.11875 0.065625
2 0.0375 0.73125 0.075 0.1125
2 0.15546875 0.47890625 0.20625 0.1
2 0.10390625 0.13359375 0.20625 0.084375
2 0.35546875 0.80625 0.340625 0.3875
2 0.10703125 0.55625 0.15625 0.096875
2 0.3296875 0.17265625 0.1703125 0.103125
2 0.1 0.20859375 0.125 0.065625
2 0.00390625 0.22734375 0.00625 0.146875
2 0.0078125 0.05 0.015625 0.1
2 0.43359375 0.59140625 0.2296875 0.115625
2 0.6484375 0.73125 0.303125 0.2375
2 0.5890625 0.35859375 0.378125 0.2