2 0.2703125 0.20859375 0.065625 0.059375
2 0.16328125 0.5625 0.134375 0.075
2 0.6625 0.03515625 0.15625 0.0703125
2 0.31484375 0.48125 0.08125 0.053125
2 0.26640625 0.0875 0.1625 0.1
2 0.53671875 0.61640625 0.140625 0.084375
2 0.11484375 0.78984375 0.15625 0.1125
2 0.31875 0.4125 0.134375 0.075
2 0.159375 0.32734375 0.1703125 0.1125
2 0.621875 0.8375 0.221875 0.25
2 0.14765625 0.02265625 0.2953125 0.0453125
2 0.45546875 0.15 0.31875 0.3
2 0.79609375 0.25859375 0.40625 0.359375
2 0.0296875 0.8890625 0.059375 0.221875
2 0.0484375 0.5125 0.096875 0.2