2 0.34609375 0.459375 0.084375 0.11875
2 0.20390625 0.70703125 0.075 0.1109375
2 0.3125 0.2 0.115625 0.1625
2 0.87109375 0.2515625 0.065625 0.103125
2 0.58125 0.05546875 0.096875 0.1109375
2 0.2625 0.3703125 0.134375 0.1625
2 0.30859375 0.06328125 0.5 0.125
2 0.53984375 0.21875 0.103125 0.15625
2 0.95234375 0.54765625 0.0953125 0.2359375
2 0.63359375 0.159375 0.115625 0.2
2 0.79609375 0.1 0.065625 0.125
2 0.51015625 0.46640625 0.153125 0.221875
2 0.0609375 0.6328125 0.121875 0.55625
2 0.74375 0.43671875 0.071875 0.11875
2 0.9375 0.2515625 0.084375 0.1484375
2 0.98515625 0.1 0.028125 0.15625
2 0.96015625 0.759375 0.078125 0.48125
2 0.84140625 0.02578125 0.190625 0.0515625