2 0.73515625 0.63671875 0.0625 0.1484375
2 0.43359375 0.06328125 0.134375 0.125
0 0.21640625 0.378125 0.1 0.1625
2 0.52734375 0.578125 0.078125 0.11875
2 0.0796875 0.81015625 0.159375 0.3046875
0 0.03359375 0.4515625 0.065625 0.1484375
0 0.1125 0.39296875 0.090625 0.11875
2 0.65390625 0.63359375 0.084375 0.125
2 0.9375 0.56640625 0.125 0.778125
2 0.21484375 0.7484375 0.096875 0.19375
2 0.13984375 0.41484375 0.278125 0.8296875
2 0.33359375 0.16640625 0.15 0.215625
2 0.54140625 0.21875 0.215625 0.4375
2 0.44375 0.72578125 0.1375 0.2515625
2 0.02109375 0.6515625 0.040625 0.28125
2 0.81015625 0.240625 0.153125 0.48125
2 0.73515625 0.85546875 0.528125 0.2890625