2 0.24140625 0.040625 0.059375 0.08125
2 0.05625 0.2890625 0.1125 0.2515625
2 0.40625 0.05546875 0.078125 0.1109375
2 0.75390625 0.0296875 0.484375 0.059375
2 0.41640625 0.3 0.075 0.140625
2 0.46796875 0.06640625 0.0796875 0.1328125
2 0.95390625 0.2 0.065625 0.134375
2 0.5625 0.33671875 0.109375 0.2296875
2 0.1375 0.09296875 0.065625 0.184375
2 0.20234375 0.07421875 0.053125 0.11875
2 0.01875 0.0890625 0.0375 0.11875
2 0.00859375 0.02578125 0.015625 0.0515625
2 0.22109375 0.259375 0.115625 0.178125
1 0.5 0.65546875 1 0.6890625