2 0.63671875 0.93984375 0.11875 0.078125
0 0.47421875 0.62890625 0.1484375 0.090625
0 0.66328125 0.13515625 0.24375 0.146875
0 0.68515625 0.27890625 0.184375 0.1
0 0.48515625 0.52265625 0.15625 0.103125
0 0.54453125 0.425 0.15625 0.090625
2 0.87421875 0.96640625 0.2515625 0.0671875
2 0.440625 0.34609375 0.88125 0.690625
2 0.10390625 0.10234375 0.20625 0.203125
2 0.2359375 0.92109375 0.415625 0.1578125
2 0.8109375 0.62890625 0.184375 0.109375
2 0.22578125 0.73515625 0.215625 0.1375
2 0.740625 0.36640625 0.28125 0.165625
2 0.79296875 0.86484375 0.2515625 0.146875