2 0.921875 0.41484375 0.140625 0.071875
2 0.5 0.48515625 0.065625 0.053125
2 0.9890625 0.6125 0.021875 0.075
2 0.78125 0.60390625 0.1109375 0.059375
2 0.73671875 0.44609375 0.184375 0.1
2 0.94453125 0.87890625 0.1109375 0.059375
2 0.978125 0.5484375 0.04375 0.078125
2 0.88515625 0.07109375 0.125 0.059375
2 0.60703125 0.03359375 0.340625 0.065625
2 0.978125 0.815625 0.04375 0.046875
2 0.53359375 0.28984375 0.340625 0.2125
2 0.9671875 0.98984375 0.065625 0.0203125
2 0.82578125 0.79375 0.184375 0.1046875
2 0.79609375 0.94765625 0.2890625 0.1046875
1 0.3484375 0.5 0.696875 1