0 0.31875 0.63671875 0.07109375 0.178125
2 0.53515625 0.58125 0.07890625 0.1109375
2 0.95390625 0.81484375 0.09140625 0.28125
0 0.84375 0.39296875 0.09609375 0.16328125
0 0.94609375 0.40703125 0.09140625 0.13359375
2 0.8375 0.76328125 0.1 0.20703125
2 0.40390625 0.640625 0.08359375 0.12578125
0 0.99765625 0.459375 0.00390625 0.13359375
2 0.8875 0.43671875 0.225 0.8734375
2 0.73359375 0.1703125 0.14140625 0.221875
2 0.0875 0.57421875 0.175 0.778125
2 0.52109375 0.21484375 0.21640625 0.4296875
2 0.24609375 0.25546875 0.16640625 0.5109375
2 0.29609375 0.85546875 0.59140625 0.2890625
2 0.6125 0.73671875 0.14140625 0.259375