2 0.578125 0.975 0.15625 0.05
2 0.715625 0.15 0.13125 0.075
2 0.7375 0.20859375 0.1125 0.059375
2 0.675 0.24765625 0.125 0.071875
2 0.778125 0.13984375 0.13125 0.0875
2 0.671875 0.15625 0.10625 0.078125
2 0.865625 0.55390625 0.09375 0.059375
2 0.96875 0.48515625 0.0625 0.078125
2 0.74375 0.99765625 0.125 0.0046875
2 0.365625 0.32265625 0.15625 0.103125
2 0.475 0.92265625 0.225 0.153125
2 0.23125 0.90390625 0.25 0.115625
2 0.565625 0.22734375 0.14375 0.2875
2 0.534375 0.67890625 0.29375 0.340625
2 0.809375 0.80625 0.38125 0.3875