2 0.43359375 0.94609375 0.125 0.084375
2 0.67421875 0.62890625 0.11875 0.065625
2 0.9625 0.26875 0.075 0.1125
2 0.84453125 0.52109375 0.20625 0.1
2 0.89609375 0.86640625 0.20625 0.084375
2 0.64453125 0.19375 0.340625 0.3875
2 0.89296875 0.44375 0.15625 0.096875
2 0.6703125 0.82734375 0.1703125 0.103125
2 0.9 0.79140625 0.125 0.0671875
2 0.99609375 0.77265625 0.00625 0.146875
2 0.9921875 0.95 0.015625 0.1
2 0.56640625 0.40859375 0.2296875 0.115625
2 0.3515625 0.26875 0.303125 0.2375
2 0.4109375 0.64140625 0.378125 0.2