2 0.32578125 0.20625 0.075 0.053125
2 0.16328125 0.03359375 0.1625 0.059375
2 0.31484375 0.60234375 0.08125 0.0625
2 0.01484375 0.63359375 0.0296875 0.1
2 0.21484375 0.2375 0.134375 0.075
2 0.7515625 0.03359375 0.096875 0.065625
2 0.3703125 0.32109375 0.103125 0.059375
2 0.29609375 0.72734375 0.1484375 0.096875
2 0.60703125 0.18125 0.134375 0.078125
2 0.3703125 0.39140625 0.1484375 0.084375
2 0.18515625 0.88359375 0.3703125 0.2328125
2 0.321875 0.93359375 0.184375 0.109375
2 0.32578125 0.05625 0.221875 0.103125
2 0.19296875 0.48515625 0.1625 0.121875
2 0.52578125 0.68125 0.3703125 0.3375
2 0.821875 0.55 0.35625 0.359375
2 0.0703125 0.28515625 0.140625 0.2125