2 0.7890625 0.64765625 0.065625 0.046875
2 0.75546875 0.17109375 0.134375 0.090625
2 0.93359375 0.45703125 0.1328125 0.0953125
2 0.740625 0.75390625 0.0890625 0.059375
2 0.88515625 0.67265625 0.125 0.071875
2 0.80703125 0.51015625 0.20625 0.1125
2 0.921875 0.2125 0.15625 0.415625
2 0.75546875 0.41484375 0.1625 0.103125
2 0.8890625 0.90625 0.1484375 0.1125
2 0.53359375 0.625 0.11875 0.075
2 0.478125 0.41875 0.2 0.221875
2 0.7296875 0.82265625 0.140625 0.0796875
2 0.99609375 0.36484375 0.00625 0.228125
2 0.56640625 0.96640625 0.303125 0.0671875
2 0.96640625 0.71875 0.065625 0.1953125
2 0.23359375 0.9 0.465625 0.2