2 0.78125 0.62109375 0.065625 0.05
2 0.48515625 0.18125 0.15625 0.0875
2 0.87421875 0.64765625 0.134375 0.071875
2 0.7296875 0.725 0.096875 0.059375
2 0.91875 0.1921875 0.1625 0.365625
2 0.87421875 0.87890625 0.178125 0.109375
2 0.759375 0.38125 0.15625 0.103125
2 0.9296875 0.43125 0.140625 0.103125
2 0.21875 0.03984375 0.1109375 0.071875
2 0.759375 0.14609375 0.140625 0.115625
2 0.51875 0.59609375 0.1484375 0.084375
2 0.478125 0.37890625 0.215625 0.209375
2 0.540625 0.95625 0.384375 0.0875
2 0.8 0.47890625 0.19375 0.115625
2 0.44453125 0.81875 0.20625 0.1125
2 0.73359375 0.79375 0.1484375 0.0796875
2 0.9890625 0.3375 0.021875 0.215625
2 0.96328125 0.696875 0.0734375 0.2
2 0.23359375 0.8875 0.465625 0.225