2 0.60859375 0.5515625 0.04140625 0.06640625
0 0.13515625 0.6296875 0.07109375 0.1484375
0 0.63984375 0.02578125 0.0625 0.0515625
2 0.21484375 0.6296875 0.07890625 0.13359375
2 0.34140625 0.57421875 0.075 0.1109375
2 0.8 0.8 0.19140625 0.3109375
0 0.65 0.3703125 0.09140625 0.1484375
0 0.85 0.43359375 0.09140625 0.15546875
0 0.9703125 0.5625 0.059375 0.20625
2 0.43125 0.0703125 0.1375 0.140625
0 0.75625 0.38515625 0.09609375 0.13359375
2 0.19140625 0.83671875 0.375 0.32578125
2 0.65390625 0.72578125 0.1 0.16328125
2 0.7953125 0.421875 0.409375 0.84375
2 0.54140625 0.1484375 0.13359375 0.20703125
2 0.9140625 0.6359375 0.171875 0.296875
2 0.425 0.72578125 0.14140625 0.2515625
2 0.06640625 0.25546875 0.1328125 0.5109375
2 0.32734375 0.21484375 0.2125 0.4296875