0 0.6875 0.678125 0.084375 0.15625
2 0.03359375 0.6296875 0.065625 0.11875
0 0.33984375 0.45546875 0.103125 0.184375
0 0.82890625 0.678125 0.140625 0.2
0 0.5375 0.52578125 0.1 0.178125
0 0.44375 0.48515625 0.096875 0.140625
2 0.33984375 0.80390625 0.121875 0.2
2 0.02265625 0.865625 0.0453125 0.265625
2 0.6375 0.44453125 0.715625 0.8890625
2 0.8890625 0.11484375 0.221875 0.2296875
2 0.23359375 0.21875 0.134375 0.215625
2 0.10625 0.78515625 0.1375 0.2375
2 0.06484375 0.22578125 0.128125 0.40625
2 0.60234375 0.73359375 0.171875 0.28125