0 0.63671875 0.68125 0.178125 0.071875
2 0.58125 0.46484375 0.1109375 0.078125
2 0.81484375 0.04609375 0.28125 0.090625
0 0.39296875 0.15625 0.1625 0.096875
0 0.40703125 0.05390625 0.134375 0.090625
2 0.76328125 0.1625 0.20625 0.1
2 0.640625 0.59609375 0.125 0.084375
0 0.459375 0.00234375 0.134375 0.003125
2 0.43671875 0.1125 0.8734375 0.225
2 0.1703125 0.26640625 0.221875 0.140625
2 0.57421875 0.9125 0.778125 0.175
2 0.21484375 0.47890625 0.4296875 0.215625
2 0.25546875 0.75390625 0.5109375 0.1671875
2 0.85546875 0.70390625 0.2890625 0.590625
2 0.73671875 0.3875 0.259375 0.140625