2 0.940625 0.65234375 0.11875 0.121875
2 0.359375 0.35 0.1703125 0.065625
2 0.41484375 0.5625 0.103125 0.075
2 0.36328125 0.43125 0.11875 0.078125
0 0.60390625 0.86875 0.1703125 0.103125
0 0.58125 0.9640625 0.140625 0.071875
2 0.24453125 0.87265625 0.19375 0.096875
2 0.56328125 0.896875 0.8734375 0.203125
2 0.82578125 0.7625 0.215625 0.134375
2 0.1375 0.3078125 0.275 0.615625
2 0.740625 0.275 0.51875 0.165625
2 0.7890625 0.54765625 0.421875 0.221875
2 0.41484375 0.1 0.7703125 0.2
2 0.25546875 0.63984375 0.259375 0.146875