2 0.03984375 0.20390625 0.071875 0.140625
2 0.775 0.05546875 0.065625 0.1109375
2 0.58125 0.31484375 0.0625 0.1109375
2 0.58984375 0.059375 0.0875 0.11875
2 0.75625 0.040625 0.053125 0.08125
2 0.25 0.0296875 0.490625 0.059375
2 0.94375 0.3109375 0.1125 0.2515625
2 0.52734375 0.06328125 0.078125 0.125
2 0.99140625 0.01875 0.015625 0.0375
2 0.8625 0.1 0.065625 0.2
2 0.79765625 0.08125 0.053125 0.11875
2 0.98125 0.1109375 0.0375 0.11875
2 0.77890625 0.278125 0.109375 0.184375
1 0.5 0.65546875 1 0.6890625