2 0.37890625 0.6296875 0.065625 0.178125
2 0.675 0.01484375 0.125 0.0296875
2 0.58984375 0.58125 0.078125 0.096875
2 0.46015625 0.640625 0.0875 0.125
0 0.975 0.41484375 0.05 0.1484375
0 0.89609375 0.39609375 0.090625 0.1703125
2 0.89765625 0.75546875 0.096875 0.20625
2 0.91640625 0.42578125 0.165625 0.8515625
2 0.79609375 0.1703125 0.134375 0.221875
2 0.1125 0.58515625 0.225 0.7703125
2 0.30625 0.26328125 0.178125 0.525
2 0.57265625 0.21484375 0.221875 0.4296875
2 0.31875 0.86640625 0.6375 0.265625
2 0.66875 0.73671875 0.146875 0.259375