0 0.37421875 0.24765625 0.15625 0.0625
2 0.97421875 0.54375 0.0515625 0.1296875
2 0.421875 0.45625 0.11875 0.078125
2 0.440625 0.05 0.821875 0.1
0 0.62578125 0.76484375 0.140625 0.0875
0 0.6 0.87109375 0.134375 0.0921875
2 0.37421875 0.32890625 0.125 0.084375
2 0.19609375 0.91015625 0.2890625 0.1796875
0 0.5484375 0.9625 0.134375 0.075
2 0.25546875 0.76875 0.2 0.103125
2 0.578125 0.8453125 0.84375 0.309375
2 0.35234375 0.9703125 0.3046875 0.059375
2 0.8515625 0.66015625 0.19375 0.1296875
2 0.15546875 0.26015625 0.3109375 0.5203125
2 0.8 0.44609375 0.4 0.215625
2 0.76640625 0.17109375 0.465625 0.15
2 0.27421875 0.53984375 0.2515625 0.146875