2 0.15859375 0.9640625 0.1703125 0.071875
2 0.32578125 0.79375 0.075 0.0546875
2 0.01484375 0.36484375 0.0296875 0.096875
2 0.7515625 0.96640625 0.096875 0.0671875
2 0.321875 0.06484375 0.1703125 0.103125
2 0.21875 0.76015625 0.125 0.071875
2 0.3703125 0.67734375 0.11875 0.0625
2 0.29609375 0.27265625 0.1484375 0.096875
2 0.60703125 0.81640625 0.134375 0.075
2 0.1890625 0.11640625 0.378125 0.2328125
2 0.3703125 0.60859375 0.1484375 0.084375
2 0.32578125 0.94140625 0.221875 0.109375
2 0.1890625 0.51484375 0.15625 0.1125
2 0.821875 0.45 0.35625 0.359375
2 0.540625 0.31640625 0.4 0.340625
2 0.07421875 0.71484375 0.1484375 0.2125
2 0.7625 0.01015625 0.20625 0.0203125