2 0.36328125 0.57890625 0.178125 0.065625
2 0.40703125 0.36484375 0.11875 0.078125
2 0.940625 0.27265625 0.11875 0.128125
2 0.8890625 0.95625 0.20625 0.0875
0 0.60390625 0.05859375 0.15625 0.090625
2 0.36328125 0.49375 0.11875 0.0875
2 0.56328125 0.0671875 0.8734375 0.134375
2 0.4109375 0.8625 0.79375 0.275
2 0.24453125 0.05859375 0.20625 0.115625
2 0.73671875 0.65234375 0.525 0.171875
2 0.1375 0.6546875 0.275 0.690625
2 0.8296875 0.1625 0.20625 0.134375
2 0.25546875 0.28359375 0.259375 0.140625
2 0.78125 0.37265625 0.4375 0.2125