2 0.98125 0.86484375 0.0375 0.121875
2 0.17421875 0.89140625 0.275 0.159375
2 0.51484375 0.0484375 0.1703125 0.096875
0 0.40390625 0.57265625 0.15625 0.1125
0 0.378125 0.7 0.1484375 0.084375
2 0.321875 0.14375 0.275 0.2875
0 0.58515625 0.94375 0.1484375 0.096875
0 0.51875 0.85390625 0.1484375 0.084375
2 0.56328125 0.57734375 0.8734375 0.8453125
2 0.11484375 0.2375 0.2296875 0.475
2 0.85546875 0.19375 0.2890625 0.278125
2 0.90390625 0.4546875 0.1921875 0.334375
2 0.32578125 0.7875 0.296875 0.184375