2 0.81875 0.53125 0.078125 0.1375
2 0.72109375 0.578125 0.075 0.11875
2 0.81484375 0.575 0.078125 0.1125
2 0.82734375 0.475 0.0875 0.1375
2 0.8625 0.00625 0.05 0.0125
2 0.75625 0.515625 0.053125 0.10625
2 0.40859375 0.390625 0.065625 0.10625
2 0.47265625 0.26875 0.078125 0.1375
2 0.05859375 0.784375 0.115625 0.24375
2 0.96484375 0.390625 0.0625 0.11875
2 0.95234375 0.24375 0.0875 0.1375
2 0.725 0.69375 0.284375 0.1375
2 0.53984375 0.040625 0.078125 0.08125
2 0.28359375 0.734375 0.340625 0.29375
2 0.16875 0.353125 0.3375 0.60625