2 0.50859375 0.0484375 0.10859375 0.09609375
2 0.02109375 0.6296875 0.04140625 0.11875
0 0.3125 0.4484375 0.09140625 0.1703125
0 0.80390625 0.66640625 0.14140625 0.19296875
0 0.51015625 0.5296875 0.0875 0.140625
0 0.66015625 0.6703125 0.10390625 0.1703125
0 0.42109375 0.47421875 0.10859375 0.13359375
2 0.30625 0.80390625 0.10390625 0.18515625
2 0.00234375 0.8703125 0.00390625 0.259375
2 0.62109375 0.44453125 0.75 0.8890625
2 0.875 0.12578125 0.25 0.2515625
2 0.04765625 0.225 0.0953125 0.40625
2 0.20390625 0.21875 0.13359375 0.21484375
2 0.07890625 0.78125 0.14140625 0.24453125
2 0.575 0.73359375 0.175 0.28125