2 0.29375 0.04453125 0.128125 0.0890625
2 0.43515625 0.7484375 0.071875 0.0890625
2 0.59765625 0.63671875 0.0625 0.1625
2 0.38515625 0.58125 0.078125 0.1109375
2 0.96875 0.1296875 0.0625 0.140625
0 0.07734375 0.39296875 0.0875 0.1484375
2 0.51640625 0.63671875 0.084375 0.11875
2 0.0734375 0.43671875 0.146875 0.8734375
0 0.00859375 0.41484375 0.015625 0.1484375
2 0.07890625 0.76328125 0.109375 0.2375
2 0.19375 0.17421875 0.1375 0.215625
2 0.66484375 0.8625 0.6703125 0.275
2 0.875 0.58515625 0.25 0.7703125
2 0.3984375 0.20703125 0.2125 0.4140625
2 0.67109375 0.2484375 0.165625 0.496875
2 0.30625 0.73671875 0.1375 0.259375