2 0.65390625 0.4484375 0.084375 0.125
2 0.6125 0.92578125 0.075 0.1484375
2 0.77890625 0.93671875 0.05 0.1109375
2 0.92265625 0.76640625 0.046875 0.1109375
2 0.8796875 0.94765625 0.059375 0.1046875
2 0.54765625 0.940625 0.078125 0.11875
2 0.925 0.46328125 0.084375 0.140625
2 0.69140625 0.78125 0.059375 0.096875
2 0.81484375 0.9703125 0.046875 0.059375
2 0.07265625 0.559375 0.1375 0.2890625
2 0.85 0.78515625 0.084375 0.1484375
2 0.95234375 0.59296875 0.071875 0.134375
2 0.98984375 0.97421875 0.0203125 0.0515625
2 0.24375 0.79296875 0.478125 0.384375
2 0.50234375 0.6703125 0.103125 0.215625
2 0.70625 0.56640625 0.153125 0.2890625
2 0.38984375 0.49609375 0.196875 0.296875