2 0.8875 0.9109375 0.190625 0.1484375
2 0.38125 0.03359375 0.1125 0.065625
0 0.67890625 0.6515625 0.134375 0.1625
0 0.5375 0.6515625 0.090625 0.178125
2 0.18515625 0.7890625 0.096875 0.184375
0 0.375 0.50703125 0.090625 0.15625
0 0.2875 0.45546875 0.090625 0.1109375
2 0.9640625 0.13984375 0.071875 0.2515625
0 0.1875 0.42578125 0.1 0.15625
2 0.55 0.44453125 0.85 0.8890625
2 0.79140625 0.1109375 0.35 0.221875
2 0.075 0.1890625 0.125 0.2
2 0.44765625 0.71484375 0.178125 0.303125
2 0.0125 0.76640625 0.025 0.24375