0 0.22109375 0.63359375 0.075 0.1703125
2 0.525 0.059375 0.13359375 0.11875
2 0.30390625 0.621875 0.08359375 0.13359375
2 0.42890625 0.57421875 0.075 0.1109375
0 0.7375 0.36640625 0.09140625 0.140625
2 0.0375 0.4484375 0.075 0.58515625
0 0.84375 0.3890625 0.09609375 0.140625
0 0.94140625 0.44453125 0.09140625 0.16328125
2 0.88984375 0.80390625 0.1875 0.30390625
2 0.74140625 0.7296875 0.1 0.1703125
2 0.8328125 0.421875 0.334375 0.84375
2 0.63125 0.16328125 0.1375 0.20703125
2 0.1453125 0.23671875 0.15 0.4734375
2 0.5125 0.72578125 0.14140625 0.2515625
2 0.42109375 0.21484375 0.20859375 0.4296875
2 0.9578125 0.64765625 0.084375 0.2890625
2 0.23984375 0.83671875 0.4625 0.32578125