2 0.275 0.08359375 0.15 0.084375
2 0.278125 0.05 0.15625 0.075
2 0.365625 0.8875 0.16875 0.0921875
2 0.315625 0.13125 0.11875 0.0625
2 0.021875 0.35859375 0.04375 0.075
2 0.103125 0.42734375 0.10625 0.0625
2 0.475 0.82734375 0.225 0.1875
2 0.2 0.91640625 0.125 0.090625
2 0.63125 0.21640625 0.1625 0.1
2 0.721875 0.79375 0.24375 0.146875
2 0.15 0.99765625 0.3 0.0046875
2 0.55 0.98515625 0.175 0.0296875
2 0.428125 0.13984375 0.14375 0.2375
2 0.171875 0.73984375 0.34375 0.5125
2 0.43125 0.55625 0.3 0.346875