2 0.63671875 0.06015625 0.11875 0.078125
0 0.46640625 0.37265625 0.1484375 0.096875
0 0.66640625 0.86484375 0.2515625 0.1375
0 0.68125 0.72109375 0.178125 0.1
0 0.4890625 0.47734375 0.1484375 0.103125
0 0.54453125 0.57734375 0.15625 0.096875
2 0.44453125 0.65390625 0.875 0.690625
2 0.86640625 0.0375 0.265625 0.075
2 0.80703125 0.37109375 0.19375 0.109375
2 0.1 0.89765625 0.2 0.2046875
2 0.2359375 0.07890625 0.415625 0.1578125
2 0.22578125 0.26640625 0.215625 0.134375
2 0.73671875 0.63125 0.275 0.171875
2 0.79296875 0.13984375 0.2515625 0.146875