2 0.63671875 0.26484375 0.1484375 0.0625
2 0.06328125 0.56640625 0.125 0.134375
0 0.378125 0.78359375 0.1625 0.1
2 0.578125 0.47265625 0.11875 0.078125
2 0.81015625 0.9203125 0.3046875 0.159375
0 0.4515625 0.96640625 0.1484375 0.0671875
0 0.39296875 0.8875 0.11875 0.0921875
2 0.63359375 0.34609375 0.125 0.084375
2 0.56640625 0.0625 0.778125 0.125
2 0.7484375 0.78515625 0.19375 0.096875
2 0.41484375 0.86015625 0.8296875 0.2796875
2 0.16640625 0.66640625 0.215625 0.15
2 0.21875 0.45859375 0.4375 0.215625
2 0.72578125 0.55625 0.2515625 0.1375
2 0.6515625 0.97890625 0.28125 0.0421875
2 0.240625 0.18984375 0.48125 0.153125
2 0.85546875 0.26484375 0.2890625 0.528125