2 0.578125 0.0234375 0.15625 0.046875
2 0.596875 0.49140625 0.10625 0.090625
2 0.771875 0.27265625 0.25625 0.121875
2 0.8125 0.35 0.2125 0.25
2 0.9875 0.28984375 0.025 0.0875
2 0.559375 0.26015625 0.20625 0.253125
2 0.74375 0.04609375 0.125 0.090625
2 0.721875 0.525 0.10625 0.059375
2 0.303125 0.66484375 0.20625 0.103125
2 0.953125 0.82890625 0.09375 0.290625
2 0.8 0.17890625 0.3 0.115625
2 0.475 0.02109375 0.225 0.040625
2 0.3875 0.125 0.2 0.084375
2 0.96875 0.51484375 0.0625 0.428125
2 0.38125 0.40859375 0.225 0.434375
2 0.809375 0.0625 0.38125 0.125
2 0.5375 0.825 0.725 0.334375