2 0.36328125 0.5 0.178125 0.075
2 0.4 0.70625 0.134375 0.078125
2 0.93359375 0.79921875 0.1328125 0.1328125
0 0.596875 0.9828125 0.140625 0.034375
2 0.35546875 0.58125 0.134375 0.078125
2 0.22578125 0.99140625 0.2 0.0171875
2 0.89296875 0.090625 0.2140625 0.140625
2 0.140625 0.375 0.28125 0.740625
2 0.55546875 0.97265625 0.8890625 0.0546875
2 0.82578125 0.91484375 0.2 0.128125
2 0.2515625 0.79140625 0.2515625 0.1421875
2 0.78515625 0.7 0.4296875 0.215625
2 0.7515625 0.425 0.496875 0.159375
2 0.40703125 0.175 0.784375 0.35