2 0.3109375 0.74609375 0.0890625 0.059375
2 0.2 0.71640625 0.134375 0.084375
2 0.29609375 0.34609375 0.0890625 0.05
2 0.07421875 0.9703125 0.1484375 0.059375
2 0.7 0.16875 0.125 0.078125
2 0.3109375 0.9125 0.221875 0.134375
2 0.2890625 0.22734375 0.1625 0.0875
2 0.36640625 0.96875 0.15625 0.0625
2 0.36328125 0.63125 0.103125 0.071875
2 0.721875 0.94140625 0.1109375 0.109375
2 0.18515625 0.47109375 0.1625 0.115625
2 0.36328125 0.55859375 0.1484375 0.084375
2 0.6 0.76875 0.1484375 0.0875
2 0.3109375 0.03984375 0.19375 0.078125
2 0.159375 0.09765625 0.31875 0.1953125
2 0.8109375 0.40859375 0.378125 0.365625
2 0.48515625 0.27890625 0.31875 0.334375
2 0.0703125 0.66484375 0.140625 0.2125