2 0.328125 0.27265625 0.24375 0.121875
2 0.503125 0.48984375 0.10625 0.096875
2 0.94375 0.73359375 0.0875 0.065625
2 0.51875 0.0234375 0.1375 0.046875
2 0.28125 0.34765625 0.2125 0.253125
2 0.359375 0.04375 0.11875 0.0875
2 0.059375 0.28515625 0.11875 0.0875
2 0.540625 0.2625 0.20625 0.25
2 0.378125 0.525 0.10625 0.059375
2 0.628125 0.02109375 0.20625 0.040625
2 0.3 0.17734375 0.3 0.121875
2 0.096875 0.825 0.19375 0.3
2 0.79375 0.66484375 0.2125 0.1125
2 0.715625 0.12109375 0.16875 0.084375
2 0.078125 0.5125 0.15625 0.425
2 0.721875 0.41015625 0.23125 0.4375
2 0.01875 0.92109375 0.0375 0.140625
2 0.2375 0.0609375 0.475 0.121875
2 0.56875 0.82734375 0.75 0.3375