2 0.1109375 0.76875 0.134375 0.071875
2 0.05546875 0.55625 0.1109375 0.096875
2 0.20390625 0.27890625 0.184375 0.125
2 0.21484375 0.51015625 0.1625 0.103125
2 0.71484375 0.175 0.125 0.084375
2 0.43671875 0.71640625 0.11875 0.075
2 0.16640625 0.60390625 0.184375 0.1171875
2 0.25546875 0.84375 0.096875 0.053125
2 0.0703125 0.26015625 0.140625 0.496875
2 0.4890625 0.49140625 0.20625 0.175
2 0.61796875 0.0484375 0.5265625 0.096875
2 0.10390625 0.97265625 0.1625 0.0546875
2 0.25546875 0.9125 0.140625 0.084375
2 0.02578125 0.81640625 0.0515625 0.2
2 0.759375 0.94609375 0.48125 0.1078125