2 0.5515625 0.11875 0.125 0.071875
2 0.74453125 0.58984375 0.15625 0.071875
2 0.96328125 0.5921875 0.0734375 0.084375
2 0.678125 0.4375 0.2 0.109375
2 0.81875 0.04609375 0.140625 0.065625
2 0.75546875 0.94140625 0.2515625 0.1171875
2 0.9515625 0.53125 0.096875 0.078125
2 0.921875 0.86640625 0.15625 0.065625
2 0.9515625 0.80390625 0.096875 0.05
2 0.98515625 0.2375 0.0296875 0.465625
2 0.9890625 0.99140625 0.021875 0.015625
2 0.94453125 0.98359375 0.1109375 0.0328125
2 0.77421875 0.78125 0.184375 0.1125
1 0.3484375 0.5 0.696875 1