2 0.66015625 0.8515625 0.153125 0.2375
2 0.03125 0.7296875 0.0625 0.24375
0 0.33515625 0.6515625 0.121875 0.1625
0 0.625 0.50390625 0.090625 0.134375
0 0.47265625 0.64453125 0.0875 0.178125
0 0.71875 0.4515625 0.0875 0.11875
0 0.82109375 0.4296875 0.1 0.1484375
2 0.04609375 0.14453125 0.090625 0.275
2 0.825 0.79609375 0.090625 0.184375
2 0.44609375 0.4484375 0.884375 0.896875
2 0.55859375 0.71484375 0.190625 0.303125
2 0.93125 0.19609375 0.1375 0.2296875
2 0.225 0.10390625 0.325 0.20625
2 0.99140625 0.7703125 0.015625 0.2375