2 0.35 0.49609375 0.059375 0.0890625
2 0.5 0.2515625 0.05 0.0890625
2 0.9703125 0.28828125 0.059375 0.1484375
2 0.74765625 0.29609375 0.1125 0.1484375
2 0.12109375 0.259375 0.059375 0.0890625
2 0.95390625 0.5703125 0.090625 0.1625
2 0.39375 0.30390625 0.053125 0.11875
2 0.69609375 0.09609375 0.109375 0.1625
2 0.47265625 0.14453125 0.071875 0.1109375
2 0.02265625 0.2546875 0.0453125 0.15625
2 0.64609375 0.2296875 0.109375 0.19375
2 0.52734375 0.51875 0.078125 0.134375
2 0.24140625 0.140625 0.109375 0.1625
2 0.32734375 0.30703125 0.078125 0.140625
2 0.73984375 0.578125 0.246875 0.221875
2 0.10390625 0.4921875 0.2078125 0.40625
2 0.79609375 0.02578125 0.234375 0.0515625
2 0.17265625 0.78515625 0.3453125 0.4296875
2 0.42890625 0.0484375 0.209375 0.096875