2 0.53671875 0.51484375 0.065625 0.053125
2 0.99609375 0.2 0.00625 0.059375
2 0.66328125 0.45625 0.2296875 0.2125
2 0.93671875 0.58515625 0.125 0.0796875
2 0.77421875 0.55234375 0.1703125 0.096875
2 0.4296875 0.40234375 0.075 0.046875
2 0.99296875 0.45 0.0140625 0.075
2 0.8109375 0.39765625 0.125 0.0625
2 0.9890625 0.1875 0.021875 0.040625
2 0.959375 0.12265625 0.08125 0.053125
2 0.559375 0.70625 0.3484375 0.221875
2 0.6515625 0.9625 0.340625 0.075
2 0.921875 0.92265625 0.1109375 0.0546875
2 0.8484375 0.20625 0.184375 0.1125
2 0.83359375 0.05234375 0.275 0.103125
2 0.978125 0.01015625 0.04375 0.0203125
1 0.35234375 0.5 0.7046875 1