2 0.84375 0.82578125 0.078125 0.24375
2 0.92734375 0.33671875 0.0875 0.140625
2 0.48984375 0.74453125 0.096875 0.2
2 0.76484375 0.8 0.0625 0.11875
2 0.21484375 0.9109375 0.1125 0.178125
2 0.98984375 0.82109375 0.0203125 0.1328125
2 0.40625 0.78125 0.103125 0.184375
2 0.16875 0.50703125 0.3375 0.4375
2 0.93359375 0.9296875 0.1328125 0.140625
2 0.37734375 0.47421875 0.121875 0.221875
2 0.74453125 0.9328125 0.1546875 0.134375
2 0.23125 0.26328125 0.2375 0.303125
2 0.61875 0.31875 0.203125 0.3703125