2 0.06015625 0.640625 0.078125 0.1109375
0 0.72265625 0.69296875 0.0875 0.15625
0 0.86015625 0.7 0.121875 0.1703125
0 0.37109375 0.46640625 0.090625 0.1484375
0 0.575 0.54453125 0.1 0.15625
0 0.47734375 0.4890625 0.096875 0.1484375
2 0.03125 0.87421875 0.0625 0.2375
2 0.6515625 0.44765625 0.696875 0.8671875
2 0.36875 0.81484375 0.103125 0.19375
2 0.07890625 0.24375 0.1578125 0.415625
2 0.89765625 0.11484375 0.203125 0.2296875
2 0.26484375 0.2296875 0.1375 0.20625
2 0.63515625 0.74453125 0.171875 0.275
2 0.13515625 0.8 0.146875 0.2515625