2 0.36328125 0.06015625 0.11875 0.078125
0 0.540625 0.37109375 0.1484375 0.090625
0 0.33359375 0.8625 0.2375 0.140625
0 0.31875 0.72109375 0.178125 0.1
0 0.51484375 0.475 0.15625 0.109375
0 0.45546875 0.57890625 0.15625 0.1
2 0.1296875 0.03515625 0.259375 0.0703125
2 0.559375 0.65390625 0.88125 0.690625
2 0.7640625 0.07890625 0.415625 0.1578125
2 0.1890625 0.37109375 0.2 0.109375
2 0.9 0.89765625 0.2 0.2046875
2 0.77421875 0.26484375 0.215625 0.1375
2 0.259375 0.63125 0.28125 0.171875
2 0.20703125 0.13984375 0.2515625 0.146875