2 0.41015625 0.16640625 0.078125 0.125
2 0.51015625 0.32578125 0.0875 0.103125
2 0.77109375 0.27421875 0.059375 0.075
2 0.13125 0.321875 0.121875 0.184375
2 0.35859375 0.5484375 0.084375 0.1484375
2 0.38359375 0.278125 0.05 0.065625
2 0.30859375 0.459375 0.340625 0.35625
2 0.23359375 0.259375 0.125 0.19375
2 0.17890625 0.11875 0.109375 0.1484375
2 0.89375 0.27421875 0.096875 0.178125
2 0.56015625 0.321875 0.078125 0.140625
2 0.103125 0.03671875 0.196875 0.0734375
2 0.1375 0.640625 0.25 0.2
2 0.65234375 0.15546875 0.1125 0.1484375
2 0.9625 0.159375 0.075 0.31875
2 0.83515625 0.459375 0.328125 0.3109375
2 0.45625 0.0515625 0.2125 0.103125
2 0.71640625 0.8 0.359375 0.4