2 0.24453125 0.10390625 0.1625 0.134375
2 0.07421875 0.17734375 0.1484375 0.3375
2 0.23359375 0.57890625 0.08125 0.05
2 0.26328125 0.34140625 0.15625 0.109375
2 0.12578125 0.60625 0.134375 0.071875
2 0.078125 0.38515625 0.15625 0.103125
2 0.55546875 0.34375 0.19375 0.221875
2 0.2109375 0.4375 0.184375 0.109375
2 0.278125 0.68359375 0.065625 0.05
2 0.1296875 0.8375 0.1703125 0.1171875
2 0.28125 0.75234375 0.134375 0.078125
2 0.4890625 0.55234375 0.1484375 0.0875
2 0.44765625 0.93359375 0.3328125 0.1328125
2 0.0109375 0.29609375 0.021875 0.225
2 0.03671875 0.6546875 0.0734375 0.2
2 0.77421875 0.86484375 0.4515625 0.2703125