2 0.26640625 0.85234375 0.075 0.053125
2 0.140625 0.49375 0.134375 0.071875
2 0.6515625 0.99140625 0.134375 0.0171875
2 0.13671875 0.72734375 0.15625 0.121875
2 0.10390625 0.26875 0.1625 0.1125
2 0.29609375 0.21640625 0.1484375 0.109375
2 0.25546875 0.9625 0.15625 0.075
2 0.6 0.22734375 0.20625 0.2375
2 0.521875 0.43984375 0.140625 0.078125
2 0.30390625 0.6375 0.1484375 0.084375
2 0.2484375 0.31640625 0.2 0.115625
2 0.021875 0.171875 0.04375 0.225
2 0.4515625 0.87890625 0.3109375 0.240625
2 0.79609375 0.79765625 0.40625 0.3546875
2 0.04453125 0.54140625 0.0890625 0.209375