2 0.728125 0.68515625 0.21875 0.1125
2 0.053125 0.12890625 0.10625 0.125
2 0.265625 0.47734375 0.14375 0.0875
2 0.315625 0.52734375 0.15625 0.078125
2 0.9125 0.75625 0.175 0.371875
2 0.665625 0.6125 0.20625 0.25
2 0.740625 0.92265625 0.11875 0.096875
2 0.446875 0.13984375 0.25625 0.253125
2 0.6875 0.77734375 0.2625 0.1125
2 0.23125 0.91015625 0.1125 0.096875
2 0.275 0.06484375 0.2125 0.121875
2 0.771875 0.16015625 0.41875 0.3125
2 0.425 0.675 0.1625 0.090625
2 0.759375 0.42890625 0.10625 0.059375
2 0.425 0.44765625 0.225 0.428125
2 0.565625 0.9203125 0.61875 0.159375