2 0.059375 0.65234375 0.11875 0.121875
2 0.640625 0.35 0.1703125 0.065625
2 0.58515625 0.5625 0.103125 0.075
2 0.63671875 0.43125 0.11875 0.078125
0 0.39609375 0.86875 0.1703125 0.103125
0 0.41875 0.9640625 0.140625 0.071875
2 0.75546875 0.87265625 0.19375 0.096875
2 0.43671875 0.896875 0.8734375 0.203125
2 0.17421875 0.7625 0.215625 0.134375
2 0.8625 0.3078125 0.275 0.615625
2 0.259375 0.275 0.51875 0.165625
2 0.2109375 0.54765625 0.421875 0.221875
2 0.58515625 0.1 0.7703125 0.2
2 0.74453125 0.63984375 0.259375 0.146875