2 0.9515625 0.56640625 0.096875 0.1171875
2 0.36640625 0.06015625 0.1109375 0.078125
0 0.31484375 0.71640625 0.184375 0.1
0 0.54453125 0.375 0.15625 0.090625
0 0.3296875 0.86484375 0.2296875 0.146875
0 0.46328125 0.57265625 0.15625 0.096875
0 0.51484375 0.47734375 0.15625 0.1125
2 0.12578125 0.03515625 0.2515625 0.0703125
2 0.559375 0.6515625 0.88125 0.696875
2 0.896875 0.9015625 0.20625 0.196875
2 0.19609375 0.37265625 0.2 0.103125
2 0.7640625 0.07890625 0.415625 0.1578125
2 0.77421875 0.26640625 0.215625 0.134375
2 0.26328125 0.63359375 0.275 0.165625
2 0.21484375 0.13984375 0.2515625 0.146875