2 0.35 0.3703125 0.090625 0.11875
2 0.225 0.31875 0.059375 0.075
2 0.5 0.18515625 0.109375 0.1625
0 0.10390625 0.621875 0.090625 0.1625
2 0.8 0.70390625 0.084375 0.1484375
2 0.74609375 0.29296875 0.1 0.1703125
2 0.06875 0.30703125 0.128125 0.259375
2 0.04140625 0.73671875 0.075 0.096875
2 0.8875 0.1703125 0.225 0.340625
2 0.40625 0.36640625 0.078125 0.140625
2 0.93984375 0.3140625 0.1203125 0.184375
2 0.19609375 0.6109375 0.084375 0.140625
2 0.69609375 0.53671875 0.340625 0.39375
2 0.56015625 0.821875 0.3625 0.35625
2 0.29765625 0.078125 0.221875 0.15625