2 0.146875 0.35 0.18125 0.240625
2 0.39375 0.02734375 0.1375 0.053125
2 0.390625 0.49140625 0.09375 0.090625
2 0.8375 0.73125 0.1 0.0625
2 0.228125 0.275 0.21875 0.115625
2 0.496875 0.0234375 0.23125 0.046875
2 0.23125 0.04375 0.125 0.0875
2 0.034375 0.83125 0.06875 0.2875
2 0.259375 0.52734375 0.10625 0.0625
2 0.425 0.26484375 0.2125 0.246875
2 0.18125 0.17890625 0.3 0.115625
2 0.59375 0.125 0.175 0.084375
2 0.675 0.66640625 0.2 0.109375
2 0.6 0.4125 0.2375 0.425
2 0.021875 0.5125 0.04375 0.440625
2 0.184375 0.06484375 0.36875 0.128125
2 0.4375 0.82890625 0.7125 0.334375