2 0.01875 0.78515625 0.0375 0.0625
2 0.159375 0.675 0.096875 0.059375
2 0.18203125 0.2421875 0.3640625 0.475
2 0.0296875 0.76484375 0.059375 0.053125
2 0.040625 0.59140625 0.08125 0.0828125
2 0.02265625 0.86328125 0.0453125 0.0671875
2 0.02265625 0.5296875 0.0453125 0.084375
2 0.38125 0.06484375 0.31875 0.128125
2 0.3484375 0.93359375 0.134375 0.075
2 0.159375 0.83359375 0.1703125 0.0921875
2 0.26640625 0.47734375 0.221875 0.1125
2 0.1078125 0.99375 0.215625 0.0125
2 0.38125 0.68984375 0.303125 0.153125
2 0.44453125 0.36640625 0.296875 0.2