2 0.18515625 0.05234375 0.2375 0.103125
2 0.98125 0.05 0.0375 0.1
2 0.53359375 0.86484375 0.178125 0.103125
0 0.40703125 0.34140625 0.1625 0.115625
0 0.4 0.20234375 0.1625 0.096875
0 0.58515625 0.00390625 0.1484375 0.0078125
2 0.5703125 0.37109375 0.859375 0.740625
0 0.540625 0.05390625 0.134375 0.084375
2 0.31875 0.81484375 0.3109375 0.353125
2 0.87421875 0.72265625 0.2515625 0.2875
2 0.91484375 0.45859375 0.1703125 0.334375
2 0.33359375 0.12265625 0.28125 0.178125
2 0.12578125 0.71640625 0.2515625 0.559375